2 0.0805168986083499 0.7932405566600397 0.12301192842942348 0.13916500994035785
2 0.33660536779324063 0.7823061630218687 0.0805168986083499 0.13320079522862813
2 0.2465830019880716 0.7147117296222665 0.08834493041749504 0.12524850894632208
2 0.4333374751491054 0.5248508946322068 0.06150596421471171 0.09542743538767397
2 0.3008200795228629 0.5984095427435387 0.06486083499005964 0.09145129224652095
2 0.39978876739562624 0.647117296222664 0.08834493041749504 0.10536779324055658
2 0.6072316103379721 0.5536779324055666 0.07604373757455271 0.12127236580516892
2 0.7425447316103382 0.720675944333996 0.11406560636182889 0.172962226640159
3 0.7548459244532804 0.532803180914513 0.01789264413518879 0.01988071570576544
0 0.7565233598409543 0.5755467196819086 0.030193836978131116 0.0377733598409543
3 0.7895129224652089 0.5168986083499005 0.017892644135188932 0.01590457256461242
0 0.793986083499006 0.5606361829025844 0.024602385685884656 0.03976143141153081
2 0.3024975149105368 0.474155069582505 0.045849900596421446 0.06958250497017886
