2 0.07548459244532804 0.8767395626242545 0.14202286282306165 0.15904572564612324
2 0.13251739562624254 0.5129224652087475 0.06150596421471173 0.08349900596421471
0 0.36120775347912526 0.6878727634194831 0.04473161033797218 0.05566600397614309
3 0.3645626242544732 0.6292246520874751 0.026838966202783324 0.04970178926441363
2 0.3097664015904573 0.6123260437375745 0.058151093439363845 0.09940357852882706
2 0.20017395626242546 0.5357852882703777 0.06262425447316104 0.0815109343936382
2 0.2846048707753479 0.4294234592445328 0.045849900596421446 0.047713717693836984
2 0.3740680914512922 0.8349900596421471 0.09058151093439364 0.143141153081511
2 0.6558772365805169 0.7147117296222664 0.09058151093439357 0.1292246520874751
2 0.6374254473161034 0.441351888667992 0.05815109343936392 0.05964214711729625
2 0.5809517892644136 0.4552683896620279 0.03914015904572565 0.05566600397614316
2 0.19066848906560638 0.44831013916500995 0.05479622266401592 0.05367793240556665
3 0.05703280318091452 0.5248508946322068 0.01565606361829026 0.027833001988071544
0 0.05871023856858847 0.5616302186878728 0.021247514910536777 0.03777335984095423
2 0.3874875745526839 0.35188866799204777 0.02572067594433399 0.047713717693836984
2 0.6161779324055666 0.3866799204771372 0.03578528827037779 0.0377733598409543
2 0.577037773359841 0.40059642147117297 0.03578528827037779 0.04174950298210731
