2 0.05926938369781313 0.4662027833001989 0.11182902584493043 0.1530815109343937
2 0.38021868787276347 0.6769383697813122 0.19905566600397612 0.23658051689860835
2 0.3036158051689861 0.18190854870775347 0.07045228628230618 0.06958250497017893
2 0.6754473161033797 0.5397614314115308 0.09840954274353891 0.14910536779324046
2 0.8640034791252487 0.8669980088948729 0.27199304174950284 0.23499005357503422
2 0.5205641153081512 0.23260437375745524 0.05703280318091458 0.07554671968190857
2 0.5915755467196819 0.14811133200795226 0.058151093439363845 0.041749502982107355
2 0.6502857852882704 0.35785288270377735 0.059269383697813115 0.07952286282306162
2 0.5619408548707753 0.34691848906560635 0.06374254473161038 0.09343936381709739
0 0.8387176938369783 0.5656063618290258 0.046968190854870785 0.06560636182902585
0 0.753727634194831 0.532803180914513 0.03578528827037772 0.06361829025844934
3 0.7542867793240557 0.46421471172962225 0.03690357852882713 0.04174950298210739
3 0.8370402584493043 0.46918489065606367 0.02795725646123259 0.047713717693836984
3 0.9762673956262427 0.4622266401590457 0.03131212723658038 0.03379721669980121
2 0.9091699801192844 0.5069582504970179 0.09169980119284304 0.13518886679920478
3 0.7391898608349902 0.3538767395626243 0.022365805168985987 0.03976143141153088
3 0.7604373757455269 0.40457256461232605 0.0201292246520876 0.03379721669980114
0 0.7363941351888669 0.4085487077534791 0.02572067594433406 0.04174950298210731
2 0.4512301192842943 0.09343936381709743 0.03690357852882698 0.04771371769383696
2 0.4092942345924453 0.09940357852882702 0.03354870775347912 0.05168986083499005
2 0.512736083499006 0.14512922465208747 0.03914015904572565 0.04373757455268388
