3 0.81970675944334 0.5407554671968191 0.02236580516898613 0.03976143141153088
3 0.8795352882703779 0.5029821073558648 0.016774353876739524 0.027833001988071614
3 0.8471048707753479 0.5288270377733598 0.023484095427435535 0.03976143141153088
3 0.9164388667992048 0.5357852882703777 0.02572067594433406 0.04174950298210739
3 0.9270626242544734 0.5904572564612327 0.029075546719681853 0.04373757455268389
0 0.8236207753479126 0.6252485089463221 0.034666998011928456 0.0894632206759443
0 0.9365680914512925 0.6610337972166999 0.03690357852882713 0.08548707753479129
0 0.8510188866799205 0.6003976143141153 0.02236580516898613 0.0715705765407555
2 0.6659418489065607 0.76441351888668 0.27174453280318095 0.2524850894632206
2 0.665382703777336 0.5347912524850895 0.09169980119284298 0.14711729622266398
2 0.7436630218687873 0.49005964214711734 0.08499005964214718 0.11729622266401592
2 0.7380715705765408 0.3538767395626243 0.08946322067594437 0.13518886679920475
2 0.019570079522862823 0.1650099403578529 0.039140159045725646 0.07157057654075545
2 0.02627982107355865 0.2586481082984515 0.0525596421471173 0.07912525457605923
2 0.6458126242544732 0.2664015904572565 0.045849900596421446 0.08747514910536783
2 0.5658548707753479 0.19980119284294232 0.05144135188866791 0.06560636182902588
2 0.4847788270377734 0.16600397614314116 0.05032306163021872 0.07753479125248511
2 0.4461978131212724 0.19681908548707752 0.05367793240556665 0.08747514910536777
2 0.6603503976143142 0.3836978131212724 0.07268886679920471 0.09542743538767397
