2 0.2874005964214712 0.6232604373757455 0.17445328031809149 0.18886679920477129
2 0.6776838966202784 0.8369781312127236 0.29075546719681916 0.22664015904572565
2 0.2913146123260438 0.16202783300198806 0.059269383697813184 0.06958250497017893
2 0.027957256461232607 0.2077534791252485 0.053677932405566606 0.07753479125248511
2 0.4204771371769384 0.10437375745526839 0.03354870775347912 0.045725646123260424
2 0.45961729622266406 0.10139165009940357 0.029075546719681853 0.05168986083499005
2 0.5339835984095427 0.25745526838966204 0.05032306163021872 0.06958250497017893
2 0.9136431411530817 0.510934393638171 0.08499005964214704 0.14711729622266403
2 0.6033175944333996 0.24254473161033802 0.06150596421471178 0.08349900596421474
2 0.6648235586481113 0.389662027833002 0.06374254473161031 0.09145129224652088
2 0.6720924453280318 0.5417495029821073 0.10064612326043737 0.14115308151093445
2 0.5194458250497018 0.205765407554672 0.05032306163021864 0.08151093439363816
2 0.5267147117296223 0.14811133200795226 0.04473161033797218 0.041749502982107355
2 0.6374254473161034 0.16699801192842945 0.06486083499005972 0.07157057654075545
2 0.5697688866799205 0.3697813121272366 0.06150596421471171 0.11928429423459239
3 0.7554050695825051 0.3737574552683897 0.02124751491053672 0.03976143141153081
3 0.7727385685884692 0.48906560636182905 0.026838966202783185 0.03976143141153081
3 0.777770874751491 0.41948310139165007 0.027957256461232732 0.03578528827037772
3 0.8504597415506958 0.5129224652087475 0.02795725646123259 0.027833001988071544
0 0.7688245526838966 0.5457256461232604 0.05032306163021872 0.07355864811133202
0 0.8521371769383697 0.5834990059642148 0.05591451292246532 0.07355864811133209
