2 0.11015159045725646 0.2952286282306163 0.07045228628230617 0.10934393638170974
2 0.051441351888668 0.6751491023342368 0.102882703777336 0.2123260498046875
3 0.18843190854870775 0.4761431411530815 0.030193836978131224 0.04174950298210739
0 0.1867544731610338 0.5467196819085487 0.03578528827037772 0.06759443339960242
3 0.2879597415506958 0.331013916500994 0.032430417495029784 0.037773359840954264
0 0.2901963220675945 0.3797216699801193 0.03690357852882706 0.04373757455268389
0 0.2068836978131213 0.341948310139165 0.03131212723658052 0.023856858846918457
3 0.20129224652087477 0.2982107355864811 0.020129224652087458 0.019880715705765405
3 0.20296968190854872 0.2355864811133201 0.021247514910536794 0.025844930417495037
2 0.4926068588469185 0.18588469184890655 0.04808648111332005 0.049701789264413494
2 0.4568215705765408 0.22266401590457258 0.04808648111332005 0.07157057654075548
2 0.5462847912524852 0.23558648111332012 0.05703280318091451 0.05367793240556661
2 0.7123508946322068 0.3280318091451292 0.07157057654075558 0.08349900596421474
2 0.8157927435387674 0.42544731610337977 0.0905815109343935 0.10735586481113323
2 0.716824055666004 0.42842942345924456 0.09169980119284289 0.10934393638170974
2 0.6189736580516899 0.3210735586481113 0.07716202783300197 0.07355864811133199
2 0.2762176938369781 0.9194831013916501 0.16550695825049697 0.1610337972166998
2 0.5188866799204771 0.2813121272365805 0.06262425447316111 0.07355864811133202
2 0.8772987077534792 0.8290258449304174 0.18675447316103372 0.23459244532803183
2 0.9517892644135189 0.7397614283779744 0.09642147117296218 0.22306162415157502
2 0.422713717693837 0.09542743538767395 0.029075546719681853 0.04373757455268389
2 0.6128230616302188 0.41451292246520877 0.06709741550695825 0.09741550695825048
