2 0.8919607355864813 0.7477137146602806 0.21607852882703768 0.22703776729272804
2 0.5630591451292247 0.3667992047713718 0.08834493041749504 0.11332007952286278
2 0.540134194831014 0.16600397614314116 0.044731610337972114 0.05367793240556658
2 0.4215954274353877 0.06262425447316104 0.026838966202783324 0.033797216699801194
2 0.41712226640159045 0.10139165009940358 0.03131212723658059 0.02783300198807158
3 0.45234840954274363 0.13916500994035785 0.016774353876739596 0.023856858846918492
3 0.45346669980119286 0.09145129224652088 0.016774353876739524 0.023856858846918492
0 0.4551441351888668 0.17495029821073557 0.01789264413518886 0.027833001988071544
0 0.5725646123260438 0.22664015904572565 0.02012922465208753 0.03578528827037772
3 0.5714463220675945 0.194831013916501 0.015656063618290333 0.015904572564612317
3 0.5021123260437376 0.11332007952286283 0.013419483101391592 0.011928429423459246
3 0.47806908548707755 0.12027833001988071 0.014537773359840927 0.017892644135188877
0 0.49987574552683894 0.18687872763419486 0.01789264413518879 0.03180914512922467
3 0.49987574552683894 0.1640159045725646 0.008946322067594466 0.017892644135188842
