2 0.6748881709741551 0.5497017892644135 0.11071073558648116 0.1610337972166999
2 0.027957256461232604 0.37395625939189087 0.05591451292246521 0.10695825656413085
2 0.332691351888668 0.3081510934393638 0.06597912524850895 0.10735586481113323
2 0.5060263419483101 0.27137176938369784 0.04808648111332005 0.08151093439363816
2 0.5658548707753479 0.2644135188866799 0.06038767395626245 0.06759443339960235
2 0.8375994035785288 0.4632206759443341 0.10288270377733597 0.10735586481113323
2 0.5267147117296223 0.16302186878727631 0.04920477137176938 0.059642147117296214
2 0.47359592445328036 0.1779324055666004 0.03690357852882698 0.061630218687872794
3 0.6754473161033797 0.30119284294234594 0.02236580516898613 0.03379721669980117
3 0.6514040755467196 0.34890656063618286 0.02572067594433399 0.029821073558648124
3 0.7380715705765408 0.3648111332007952 0.024602385685884656 0.029821073558648124
3 0.7934269383697813 0.3369781312127237 0.021247514910536863 0.021868787276341946
0 0.7414264413518887 0.45427435387673953 0.035785288270377864 0.049701789264413564
3 0.9762673956262425 0.496023856858847 0.026838966202783185 0.025844930417495037
0 0.6508449304174951 0.3976143141153081 0.03354870775347912 0.051689860834990074
0 0.6788021868787277 0.34393638170974156 0.01789264413518879 0.04373757455268389
