2 0.051441351888668 0.6123260437375745 0.07380715705765409 0.09940357852882706
2 0.21471172962226642 0.6381709741550696 0.0715705765407555 0.10735586481113316
2 0.22421719681908547 0.8240556660039761 0.1196570576540756 0.15308151093439348
2 0.17836729622266403 0.44930417495029823 0.03914015904572565 0.06361829025844927
2 0.2521744532803181 0.4572564612326043 0.04808648111332005 0.06759443339960235
2 0.3544980119284294 0.5198807157057654 0.05367793240556658 0.07355864811133202
2 0.3444333996023857 0.8389662027833001 0.08722664015904577 0.15506958250497035
2 0.40985337972167 0.6560636182902584 0.07268886679920478 0.10337972166998015
3 0.12524850894632208 0.4552683896620278 0.02683896620278329 0.015904572564612352
0 0.12748508946322068 0.4860834990059642 0.02683896620278329 0.025844930417495037
2 0.30305666003976145 0.39165009940357853 0.03802186878727632 0.04373757455268389
2 0.21135685884691852 0.40159045725646125 0.03354870775347916 0.03976143141153081
2 0.6167370775347912 0.5347912524850895 0.059269383697813253 0.0675944333996025
2 0.5876615308151094 0.44831013916500995 0.04361332007952285 0.05765407554671967
2 0.6061133200795229 0.3777335984095427 0.03354870775347905 0.04373757455268389
3 0.5759194831013916 0.3687872763419483 0.013419483101391733 0.013916500994035772
3 0.42215457256461236 0.5228628230616301 0.02795725646123259 0.023856858846918457
2 0.6558772365805169 0.48111332007952284 0.04808648111332005 0.0715705765407555
2 0.6497266401590457 0.3379721669980119 0.04025844930417506 0.05168986083499003
0 0.4210362823061631 0.5606361829025844 0.034666998011928525 0.04373757455268389
