2 0.3835735586481114 0.7077534791252486 0.09840954274353883 0.1192842942345925
2 0.3880467196819086 0.5795228628230616 0.08946322067594437 0.08946322067594437
2 0.7034045725646123 0.7147117296222665 0.08499005964214704 0.15308151093439362
3 0.7867171968190856 0.7475149105367794 0.023484095427435535 0.04373757455268389
3 0.8292122266401591 0.7584493041749503 0.02795725646123259 0.04174950298210731
3 0.8633200795228629 0.7504970178926442 0.024602385685884656 0.04174950298210731
0 0.8739438369781313 0.823061630218688 0.03243041749502993 0.06361829025844927
0 0.8275347912524852 0.8409542743538768 0.03131212723658052 0.08349900596421478
0 0.7816848906560636 0.8230616302186878 0.03131212723658052 0.08747514910536779
2 0.7218563618290258 0.5218687872763419 0.05926938369781297 0.0854870775347912
2 0.8571694831013917 0.6153081510934393 0.08834493041749511 0.11332007952286283
2 0.6788021868787277 0.40556660039761433 0.03802186878727639 0.05964214711729625
2 0.4417246520874752 0.42842942345924456 0.05367793240556665 0.06560636182902585
2 0.630156560636183 0.4234592445328032 0.04808648111331998 0.051689860834990074
