2 0.25049701789264417 0.8628230616302187 0.09840954274353876 0.1192842942345925
2 0.44172465208747513 0.7564612326043738 0.0805168986083499 0.14115308151093445
2 0.7369532803180914 0.845924453280318 0.09840954274353876 0.16898608349900612
2 0.6737698807157058 0.6351888667992047 0.07268886679920485 0.11332007952286283
2 0.37406809145129233 0.5864811133200795 0.06150596421471171 0.09542743538767397
2 0.41041252485089463 0.517892644135189 0.04920477137176946 0.06163021868787275
2 0.499875745526839 0.46123260437375746 0.044731610337972114 0.051689860834990074
2 0.8375994035785288 0.5874751491053678 0.06709741550695825 0.09343936381709739
2 0.8353628230616303 0.742544731610338 0.11406560636182903 0.16898608349900598
2 0.6430168986083499 0.5248508946322068 0.05591451292246532 0.06361829025844934
2 0.3902833001988072 0.43836978131212717 0.03578528827037772 0.06163021868787275
2 0.24881958250497022 0.514910536779324 0.059269383697813115 0.07554671968190853
2 0.43836978131212734 0.4552683896620278 0.04473161033797218 0.05964214711729625
2 0.6379845924453281 0.4652087475149105 0.05703280318091458 0.05566600397614316
