2 0.07157057654075547 0.8648111332007952 0.1386679920477137 0.1789264413518886
2 0.12916252485089463 0.6630218687872762 0.0816351888667992 0.09741550695825048
2 0.3209493041749504 0.7017892644135189 0.06262425447316097 0.10337972166998015
2 0.4238320079522863 0.8608349900596421 0.0827534791252485 0.1312127236580517
2 0.40538021868787283 0.5337972166998012 0.06150596421471171 0.10139165009940357
2 0.7000497017892644 0.7296222664015904 0.0827534791252485 0.14711729622266403
2 0.9024602385685886 0.8608349900596423 0.15208747514910528 0.21471172962226645
2 0.8767395626242545 0.6461232604373758 0.0872266401590457 0.10337972166998015
2 0.6519632206759444 0.562624254473161 0.06486083499005964 0.07554671968190853
2 0.7923086481113322 0.5019880715705766 0.05479622266401592 0.06163021868787275
2 0.5037897614314116 0.4214711729622266 0.039140159045725584 0.05964214711729618
2 0.6463717693836979 0.48707753479125254 0.04920477137176938 0.05964214711729625
2 0.4529075546719682 0.4234592445328032 0.03131212723658059 0.05964214711729625
2 0.27845427435387676 0.4671968190854871 0.04920477137176938 0.06759443339960235
2 0.6262425447316103 0.4244532803180914 0.038021868787276245 0.04174950298210739
2 0.678243041749503 0.415506958250497 0.041376739562624325 0.03578528827037772
2 0.41488568588469193 0.40755467196819084 0.03131212723658045 0.051689860834990074
2 0.5032306163021869 0.3180914512922465 0.02460238568588473 0.031809145129224635
2 0.7453404572564614 0.44234592445328036 0.03466699801192832 0.04174950298210739
