2 0.3550571570576541 0.6461232604373757 0.06597912524850898 0.09145129224652081
2 0.42774602385685884 0.8081510934393639 0.12860337972166996 0.1371769383697813
2 0.4204771371769384 0.4701789264413519 0.05144135188866798 0.0815109343936382
2 0.7006088469184891 0.6938369781312127 0.08610834990059643 0.1709741550695825
2 0.7089960238568588 0.47415506958250503 0.04025844930417478 0.08548707753479129
2 0.8275347912524851 0.5765407554671969 0.07380715705765412 0.09542743538767397
0 0.7788891650099404 0.805168986083499 0.03243041749502993 0.07952286282306162
0 0.8331262425447317 0.8479125248508947 0.029075546719681995 0.10139165009940357
0 0.8750621272365805 0.8330019880715706 0.032430417495029784 0.07952286282306176
3 0.7788891650099404 0.7306163021868787 0.02795725646123259 0.0377733598409543
3 0.8252982107355865 0.76441351888668 0.029075546719681995 0.049701789264413494
3 0.8683523856858847 0.7475149105367794 0.03690357852882713 0.06361829025844927
3 0.9729125248508947 0.6928429423459244 0.024602385685884656 0.0377733598409543
