3 0.2711853876739563 0.6023856858846919 0.025720675944334026 0.04373757455268389
3 0.2840457256461233 0.6530815109343936 0.022365805168986057 0.029821073558647982
3 0.31591699801192846 0.7137176938369783 0.02795725646123259 0.047713717693836914
0 0.3103255467196819 0.7654075546719682 0.03019383697813119 0.03976143141153088
0 0.28180914512922467 0.7097415506958251 0.029075546719681922 0.03578528827037772
0 0.26112077534791256 0.6461232604373757 0.014537773359840961 0.01988071570576537
3 0.4506709741550696 0.38966202783300197 0.008946322067594466 0.015904572564612352
2 0.06597912524850895 0.9194831013916501 0.11630218687872765 0.1292246520874751
2 0.6922216699801195 0.6978131212723659 0.07157057654075558 0.10735586481113316
2 0.7654696819085487 0.8886679920477136 0.11518389662027843 0.2147117296222663
2 0.2862823061630219 0.3777335984095427 0.04473161033797218 0.05168986083499
2 0.823061630218688 0.6908548707753479 0.08946322067594437 0.12524850894632208
2 0.8800944333996025 0.8300198807157056 0.10288270377733597 0.14910536779324063
2 0.6698558648111331 0.58051689860835 0.06262425447316097 0.07952286282306169
2 0.7677062624254474 0.5795228628230616 0.07492544731610337 0.08548707753479129
2 0.964649602385686 0.7974155039246941 0.07070079522862813 0.16739562017543178
2 0.6474900596421471 0.5009940357852882 0.06038767395626245 0.06361829025844934
2 0.7257703777335984 0.5188866799204771 0.04920477137176946 0.03578528827037772
2 0.49204771371769385 0.3399602385685885 0.03354870775347905 0.04373757455268389
2 0.6469309145129225 0.35487077534791256 0.034666998011928456 0.04174950298210739
