0 0.9371272365805169 0.6878727634194831 0.029075546719681853 0.09145129224652095
0 0.8258573558648112 0.6371769383697814 0.032430417495029784 0.0854870775347912
2 0.757082504970179 0.8976143141153082 0.3175944333996026 0.2047713717693837
2 0.5423707753479126 0.7037773359840955 0.2907554671968191 0.2465208747514911
2 0.6732107355864813 0.5467196819085487 0.09393638170974171 0.14711729622266412
2 0.7520501988071573 0.5019880715705766 0.08610834990059643 0.11729622266401599
2 0.5736829025844931 0.2047713717693837 0.058151093439363845 0.07157057654075548
2 0.45011182902584496 0.2077534791252485 0.04361332007952292 0.0815109343936382
2 0.4886928429423459 0.17892644135188868 0.04025844930417485 0.06759443339960237
2 0.655877236580517 0.2634194831013917 0.06150596421471171 0.06163021868787272
2 0.6335114314115309 0.3190854870775348 0.07492544731610337 0.09343936381709746
2 0.6692967196819086 0.3836978131212724 0.07268886679920485 0.09542743538767397
2 0.7447813121272366 0.3588469184890656 0.0782803180914513 0.1292246520874752
3 0.8247390656063618 0.5487077534791253 0.02124751491053672 0.03976143141153088
3 0.8549329025844932 0.5337972166998013 0.014537773359840998 0.03379721669980121
3 0.9214711729622266 0.5417495029821073 0.03131212723658067 0.04174950298210731
