2 0.165506958250497 0.5119284294234592 0.13643141153081512 0.1689860834990059
2 0.3388419483101392 0.7097415506958251 0.2326043737574553 0.17892644135188854
2 0.27957256461232605 0.13618290258449303 0.05144135188866798 0.06163021868787275
2 0.4797465208747515 0.11928429423459244 0.040258449304174986 0.0636182902584493
2 0.4283051689860835 0.11829025844930417 0.03802186878727639 0.06560636182902585
3 0.7951043737574552 0.41948310139165007 0.03131212723658052 0.03578528827037772
3 0.7984592445328034 0.4592445328031809 0.029075546719681853 0.04373757455268389
3 0.7973409542743539 0.514910536779324 0.03131212723658052 0.043737574552683824
0 0.8040506958250497 0.584493041749503 0.03578528827037772 0.0715705765407555
0 0.8800944333996025 0.6123260437375745 0.03354870775347905 0.07157057654075544
3 0.8705889662027835 0.5377733598409543 0.023484095427435393 0.03777335984095437
3 0.8756212723658052 0.5029821073558648 0.02236580516898613 0.01988071570576537
2 0.6776838966202783 0.5357852882703777 0.10735586481113316 0.1411530815109343
2 0.03131212723658052 0.3371769353362248 0.06262425447316104 0.10894632813470743
2 0.019570079522862823 0.17196819085487078 0.039140159045725646 0.06163021868787277
2 0.5602634194831014 0.2773359840954274 0.05815109343936392 0.06560636182902588
2 0.551317097415507 0.17992047713717696 0.044731610337972114 0.04970178926441351
2 0.6240059642147118 0.15705765407554673 0.046968190854870785 0.055666003976143144
2 0.6961356858846918 0.4125248508946322 0.09505467196819083 0.0815109343936382
