2 0.06933399602385686 0.7365805168986083 0.09617296222664017 0.10536779324055673
2 0.09058151093439364 0.6163021868787277 0.07604373757455268 0.08349900596421471
2 0.32709990059642147 0.7196819085487078 0.0816351888667992 0.1312127236580517
2 0.2214214711729622 0.45427435387673953 0.04473161033797218 0.06560636182902592
2 0.2946694831013917 0.42544731610337977 0.050323061630218685 0.0715705765407555
2 0.4568215705765408 0.6332007952286283 0.0704522862823061 0.1093439363817098
2 0.2773359840954274 0.5914512922465209 0.06038767395626238 0.10139165009940357
2 0.3852509940357853 0.5556660039761431 0.059269383697813115 0.08548707753479129
3 0.31815357852882703 0.49304174950298213 0.021247514910536794 0.023856858846918527
0 0.31815357852882703 0.5308151093439364 0.023484095427435393 0.02783300198807147
2 0.4489935387673957 0.40755467196819084 0.03914015904572565 0.051689860834990074
2 0.6698558648111334 0.5894632206759444 0.05367793240556651 0.09741550695825055
2 0.8409542743538768 0.7992047713717693 0.10064612326043744 0.16699801192842942
2 0.9512301192842942 0.764612323010181 0.09753976143141159 0.19324055059292689
2 0.745899602385686 0.5715705765407555 0.06933399602385691 0.11729622266401599
2 0.641339463220676 0.5 0.05703280318091458 0.07355864811133195
2 0.6245651093439365 0.44731610337972166 0.03690357852882706 0.051689860834990074
2 0.7816848906560636 0.49801192842942343 0.044731610337972114 0.06163021868787275
2 0.21527087475149106 0.9214711729622266 0.14425944333996027 0.15705765407554678
3 0.8750621272365805 0.9353876739562625 0.04361332007952285 0.04174950298210731
2 0.740867296222664 0.9254473161033797 0.13978628230616294 0.14910536779324063
