2 0.8219433399602386 0.7266401590457255 0.08946322067594423 0.12127236580516908
2 0.9557032803180914 0.7924453249982527 0.08859343936381706 0.12564611719332447
2 0.757082504970179 0.9393638170974156 0.12748508946322076 0.12127236580516892
2 0.7062002982107356 0.7097415506958251 0.08610834990059643 0.15904572564612324
2 0.7526093439363817 0.5636182902584492 0.058151093439363845 0.07355864811133209
2 0.6765656063618292 0.6133200795228629 0.06486083499005972 0.09343936381709746
2 0.6586729622266403 0.5556660039761431 0.04920477137176938 0.08548707753479129
2 0.7235337972167 0.5198807157057654 0.04920477137176946 0.07355864811133202
3 0.07380715705765407 0.9353876739562625 0.04249502982107355 0.04174950298210731
3 0.3880467196819086 0.5019880715705766 0.02236580516898613 0.01789264413518886
0 0.38860586481113324 0.5417495029821073 0.02795725646123259 0.029821073558648194
2 0.47191848906560635 0.3817097415506958 0.03578528827037779 0.04373757455268389
2 0.9091699801192843 0.672962226640159 0.08499005964214718 0.11332007952286283
2 0.8599652087475149 0.6292246520874751 0.058151093439363706 0.08946322067594423
2 0.2667122266401591 0.4711729622266402 0.050323061630218685 0.06759443339960242
