2 0.17668986083499008 0.6312127236580517 0.1699801192842942 0.15308151093439362
2 0.42159542743538764 0.5178926441351889 0.11630218687872762 0.14512922465208747
2 0.6569955268389662 0.5019880715705766 0.1084741550695825 0.14115308151093436
3 0.7878354870775348 0.3747514910536779 0.03243041749502993 0.05367793240556658
0 0.7850397614314116 0.4274353876739563 0.058151093439363706 0.051689860834990074
2 0.4495526838966203 0.19383697813121273 0.046968190854870785 0.05765407554671967
2 0.49037027833001995 0.18190854870775347 0.034666998011928456 0.04572564612326044
2 0.4333374751491054 0.12624254473161034 0.034666998011928456 0.041749502982107355
3 0.5563494035785288 0.24751491053677932 0.023484095427435462 0.021868787276341985
3 0.5529945328031809 0.17495029821073557 0.019010934393638122 0.027833001988071544
3 0.64301689860835 0.21868787276341947 0.01789264413518886 0.023856858846918492
0 0.5602634194831013 0.2862823061630219 0.03131212723658045 0.047713717693836984
0 0.623446819085487 0.33399602385685884 0.021247514910536794 0.03976143141153081
3 0.5787152087475149 0.2107355864811133 0.021247514910536794 0.03180914512922467
0 0.5764786282306162 0.24751491053677932 0.012301192842942399 0.03379721669980117
0 0.5557902584493042 0.2067594433399602 0.020129224652087458 0.02783300198807158
