2 0.3869284294234592 0.5298210735586482 0.05591451292246525 0.09343936381709739
2 0.5871023856858847 0.9105367793240557 0.228131212723658 0.16699801192842942
2 0.6843936381709742 0.6500994035785288 0.06933399602385677 0.1312127236580517
2 0.6961356858846919 0.44930417495029823 0.04808648111332019 0.05964214711729625
2 0.7995775347912525 0.525844930417495 0.06262425447316118 0.0815109343936382
0 0.777770874751491 0.7693836978131213 0.030193836978131258 0.07554671968190846
3 0.7744160039761431 0.7017892644135187 0.034666998011928456 0.03578528827037772
2 0.2695079522862823 0.525844930417495 0.058151093439363845 0.06560636182902585
2 0.48645626242544737 0.36978131212723653 0.026838966202783324 0.03976143141153081
2 0.37965954274353875 0.73558648111332 0.07939860834990058 0.13518886679920483
0 0.8314488071570577 0.8479125248508947 0.02795725646123259 0.07355864811133202
0 0.8784169980119284 0.8270377733598409 0.030193836978131258 0.07952286282306162
3 0.8252982107355865 0.7673956262425448 0.029075546719681995 0.05566600397614309
3 0.8722664015904573 0.7514910536779325 0.03354870775347905 0.04771371769383705
