2 0.20576540755467196 0.8141153081510935 0.10064612326043734 0.15308151093439362
2 0.3421968190854871 0.8896620278330019 0.12748508946322068 0.16500994035785296
2 0.41264910536779326 0.6590457256461232 0.08499005964214718 0.1292246520874751
2 0.21359343936381714 0.5934393638170974 0.07157057654075548 0.13320079522862835
2 0.23819582504970183 0.4602385685884692 0.06038767395626245 0.07355864811133202
2 0.639662027833002 0.6679920477137177 0.09169980119284288 0.1272365805168986
2 0.8381585487077535 0.805168986083499 0.13083996023856856 0.1868787276341949
0 0.7285661033797217 0.6491053677932406 0.02348409542743525 0.06163021868787275
3 0.7291252485089464 0.5914512922465209 0.029075546719681853 0.0377733598409543
2 0.16662524850894633 0.4463220675944333 0.04025844930417494 0.06958250497017893
2 0.6318339960238569 0.48111332007952284 0.046968190854870855 0.08747514910536786
2 0.5625000000000001 0.389662027833002 0.03131212723658052 0.05566600397614316
2 0.34834741550695825 0.5188866799204771 0.04808648111332012 0.06759443339960235
2 0.4378106361829026 0.4791252485089463 0.04584990059642152 0.06361829025844934
2 0.3265407554671968 0.5934393638170975 0.06038767395626245 0.08946322067594437
