2 0.09505467196819087 0.746520874751491 0.102882703777336 0.16103379721669994
2 0.3120029821073559 0.7186878727634195 0.1073558648111332 0.12127236580516892
2 0.46688618290258455 0.4900596421471172 0.05479622266401592 0.06163021868787275
2 0.6983722664015906 0.7365805168986083 0.1017644135188867 0.17693836978131217
2 0.7682654075546719 0.6143141153081509 0.07380715705765412 0.10337972166998007
2 0.9404821073558648 0.7266401590457255 0.10288270377733597 0.12127236580516908
0 0.7906312127236581 0.8230616302186878 0.01789264413518879 0.07157057654075544
0 0.8297713717693839 0.8499005964214712 0.029075546719681853 0.08946322067594437
0 0.8733846918489067 0.8190854870775348 0.029075546719681853 0.07157057654075544
3 0.7839214711729623 0.7604373757455269 0.02236580516898613 0.04174950298210731
3 0.8241799204771373 0.7634194831013917 0.026838966202783466 0.047713717693836914
3 0.8661158051689861 0.7564612326043738 0.03690357852882698 0.06163021868787268
2 0.6424577534791253 0.49801192842942343 0.045849900596421446 0.08151093439363813
2 0.7073185884691849 0.47216699801192846 0.04808648111332005 0.06560636182902585
2 0.6307157057654076 0.4304174950298211 0.03578528827037772 0.05765407554671967
2 0.6793613320079523 0.41749502982107356 0.03690357852882698 0.05566600397614316
2 0.4545849900596422 0.4393638170974155 0.05032306163021872 0.05964214711729625
2 0.49092942345924456 0.34691848906560635 0.026838966202783254 0.04572564612326047
