2 0.23260437375745532 0.7395626242544732 0.21247514910536786 0.17495029821073557
2 0.6055541749502983 0.23359840954274355 0.05703280318091451 0.0695825049701789
2 0.5172092445328033 0.2147117296222664 0.04584990059642152 0.06759443339960239
2 0.6726515904572565 0.5337972166998012 0.10400099403578537 0.12524850894632203
2 0.6978131212723659 0.4234592445328032 0.08722664015904584 0.10337972166998015
2 0.7794483101391652 0.5337972166998012 0.08499005964214704 0.12127236580516908
2 0.7760934393638173 0.38866799204771374 0.11406560636182903 0.15308151093439368
2 0.6860710735586482 0.2962226640159046 0.06597912524850898 0.07554671968190849
2 0.9197937375745526 0.5049701789264414 0.1062375745526839 0.1312127236580517
3 0.9080516898608351 0.5308151093439364 0.024602385685884656 0.03578528827037779
3 0.8784169980119284 0.5556660039761431 0.023484095427435535 0.03379721669980121
3 0.8526963220675945 0.5874751491053678 0.019010934393638195 0.04970178926441363
3 0.938804671968191 0.6013916500994035 0.02572067594433392 0.04174950298210731
0 0.8610834990059643 0.6699801192842942 0.029075546719681995 0.08349900596421463
0 0.9449552683896622 0.6878727634194831 0.038021868787276245 0.07157057654075544
0 0.8929547713717693 0.6431411530815109 0.02572067594433392 0.07355864811133209
2 0.2650347912524851 0.5825049701789264 0.18787276341948306 0.15506958250497022
2 0.41264910536779326 0.09542743538767395 0.03578528827037772 0.04771371769383698
2 0.4042619284294235 0.15009940357852883 0.02572067594433406 0.04572564612326044
2 0.4568215705765408 0.1401590457256461 0.03243041749502986 0.04572564612326046
2 0.4422837972166998 0.18190854870775347 0.03690357852882706 0.041749502982107355
2 0.4808648111332008 0.2485089463220676 0.04249502982107352 0.07554671968190857
2 0.6586729622266403 0.34890656063618297 0.08051689860834983 0.09343936381709746
2 0.6295974155069584 0.801192842942346 0.3243041749502983 0.2584493041749504
