2 0.20520626242544732 0.9254473161033797 0.23819582504970177 0.14910536779324063
2 0.40593936381709744 0.6153081510934393 0.08946322067594437 0.11729622266401578
2 0.41935884691848907 0.5099403578528827 0.06709741550695825 0.09343936381709746
2 0.6329522862823062 0.9174950298210736 0.22142147117296218 0.16500994035785282
2 0.7352758449304175 0.5427435387673957 0.059269383697813115 0.09940357852882706
2 0.7056411530815109 0.731610337972167 0.09840954274353876 0.15506958250497008
2 0.8851267395626243 0.6600397614314116 0.1062375745526839 0.11133200795228632
0 0.7878354870775348 0.8240556660039762 0.030193836978131116 0.07753479125248504
0 0.8750621272365805 0.8300198807157058 0.03690357852882713 0.08946322067594423
0 0.8336853876739564 0.8469184890656064 0.02795725646123259 0.08747514910536779
3 0.7883946322067595 0.7504970178926442 0.022365805168985987 0.0377733598409543
3 0.8264165009940357 0.7584493041749503 0.024602385685884656 0.04174950298210731
3 0.8644383697813123 0.7495029821073558 0.03131212723658038 0.051689860834990074
