2 0.0547962226640159 0.35188866799204777 0.08499005964214712 0.10735586481113323
2 0.6732107355864811 0.5447316103379721 0.08946322067594416 0.1391650099403578
2 0.5222415506958251 0.1650099403578529 0.044731610337972114 0.06759443339960237
2 0.7011679920477136 0.31809145129224653 0.10064612326043744 0.11530815109343936
2 0.7235337972166999 0.47216699801192846 0.0782803180914513 0.11729622266401592
2 0.6117047713717695 0.2286282306163022 0.046968190854870785 0.06759443339960242
2 0.584865805168986 0.2644135188866799 0.06038767395626238 0.07554671968190853
2 0.4568215705765408 0.1401590457256461 0.041376739562624325 0.05367793240556658
2 0.41768141153081517 0.15805168986083498 0.045849900596421446 0.073558648111332
2 0.6195328031809146 0.34890656063618286 0.0715705765407555 0.08151093439363816
3 0.806846421471173 0.536779324055666 0.02348409542743525 0.031809145129224635
3 0.8499005964214712 0.48409542743538764 0.02236580516898613 0.03379721669980114
3 0.8314488071570577 0.5119284294234592 0.02795725646123259 0.03379721669980121
0 0.8074055666003978 0.6192842942345925 0.04249502982107359 0.07753479125248511
0 0.9231486083499008 0.6580516898608351 0.050323061630218574 0.07952286282306169
3 0.8957504970178927 0.5268389662027833 0.024602385685884656 0.03578528827037772
3 0.9119657057654077 0.5825049701789264 0.034666998011928456 0.043737574552683824
