2 0.03187127236580517 0.2852882703777336 0.05703280318091451 0.09741550695825048
2 0.13531312127236583 0.5914512922465209 0.1565606361829026 0.1968190854870776
2 0.3120029821073559 0.23658051689860835 0.06262425447316104 0.09542743538767401
2 0.6469309145129225 0.7813121272365805 0.2851640159045726 0.2624254473161034
2 0.5345427435387674 0.31809145129224653 0.05591451292246518 0.09542743538767397
2 0.6145004970178927 0.3300198807157058 0.059269383697813115 0.08747514910536783
2 0.5009940357852883 0.21868787276341947 0.044731610337972114 0.07554671968190853
2 0.4819831013916502 0.16699801192842942 0.04920477137176938 0.07952286282306165
2 0.5664140159045726 0.20377733598409542 0.059269383697813115 0.08946322067594434
2 0.8828901590457255 0.5099403578528827 0.11742047713717696 0.1610337972166998
0 0.7157057654075547 0.48111332007952284 0.029075546719681995 0.05566600397614309
3 0.7101143141153082 0.4165009940357853 0.017892644135188932 0.0377733598409543
3 0.7011679920477139 0.3111332007952286 0.03131212723658052 0.03379721669980121
0 0.6972539761431412 0.3658051689860835 0.032430417495029784 0.04373757455268389
3 0.7308026838966203 0.35487077534791256 0.016774353876739524 0.021868787276341946
3 0.8006958250497018 0.4264413518886679 0.020129224652087458 0.029821073558648124
0 0.8001366799204771 0.5268389662027834 0.034666998011928456 0.05964214711729625
3 0.9069333996023857 0.4125248508946322 0.01565606361829026 0.029821073558648124
0 0.7341575546719682 0.415506958250497 0.016774353876739524 0.051689860834990074
