2 0.2566476143141153 0.8618290258449304 0.1062375745526839 0.14512922465208747
2 0.21191600397614316 0.6858846918489065 0.07716202783300204 0.1192842942345925
2 0.42774602385685884 0.7306163021868787 0.07268886679920478 0.1133200795228629
2 0.3561754473161034 0.6153081510934393 0.06374254473161038 0.08548707753479129
2 0.17892644135188868 0.48707753479125243 0.053677932405566633 0.06759443339960235
2 0.2734219681908549 0.46322067594433397 0.05703280318091451 0.05964214711729625
2 0.4165631212723659 0.4324055666003976 0.04361332007952292 0.05367793240556658
2 0.6938991053677932 0.7803180914512923 0.1017644135188867 0.20079522862823068
2 0.8012549701789264 0.6898608349900596 0.08834493041749511 0.10735586481113316
3 0.8046098409542745 0.7763419483101391 0.030193836978131258 0.029821073558648267
0 0.806846421471173 0.8538767395626243 0.04808648111332019 0.0854870775347912
2 0.9046968190854873 0.6759443339960239 0.09840954274353876 0.143141153081511
2 0.7375124254473161 0.5506958250497017 0.0682157057654075 0.11133200795228625
2 0.6569955268389662 0.5546719681908548 0.052559642147117315 0.09145129224652095
2 0.8124378727634195 0.5397614314115308 0.06374254473161031 0.0854870775347912
2 0.6363071570576541 0.4771371769383698 0.04473161033797218 0.05566600397614316
3 0.2415506958250497 0.5725646123260436 0.029075546719681888 0.01988071570576544
2 0.02739811133200796 0.6858846918489065 0.05479622266401592 0.09145129224652095
