2 0.53845675944334 0.8439363817097416 0.2650347912524851 0.20477137176938356
2 0.45738071570576544 0.2107355864811133 0.04920477137176931 0.07952286282306162
2 0.5826292246520876 0.2176938369781312 0.04920477137176938 0.06560636182902581
2 0.4987574552683897 0.194831013916501 0.04249502982107344 0.07157057654075548
2 0.6715333001988071 0.5437375745526839 0.1017644135188867 0.14115308151093436
2 0.758759940357853 0.510934393638171 0.08387176938369777 0.11928429423459243
2 0.679920477137177 0.4085487077534791 0.07604373757455249 0.09343936381709739
2 0.6452534791252486 0.3260437375745527 0.06709741550695818 0.07157057654075548
2 0.7531684890656064 0.36978131212723653 0.08610834990059629 0.13518886679920478
3 0.8286530815109344 0.5695825049701789 0.024602385685884656 0.033797216699801284
3 0.8599652087475149 0.5427435387673957 0.022365805168985987 0.03578528827037772
3 0.8868041749502983 0.5139165009940357 0.026838966202783185 0.02186878727634202
3 0.9348906560636183 0.5526838966202783 0.024602385685884656 0.03976143141153081
3 0.9371272365805169 0.6013916500994035 0.029075546719681853 0.04174950298210731
0 0.8252982107355865 0.6431411530815109 0.046968190854870924 0.0854870775347912
0 0.9360089463220678 0.6829025844930418 0.03578528827037772 0.08548707753479136
2 0.9260685884691849 0.8846918489065607 0.14786282306163018 0.23061630218687867
