2 0.1073558648111332 0.6998011928429423 0.10064612326043737 0.12723658051689854
2 0.30529324055666 0.679920477137177 0.09393638170974153 0.11133200795228625
2 0.4691227634194831 0.47117296222664007 0.05703280318091451 0.05566600397614316
2 0.7006088469184891 0.742544731610338 0.0928180914512923 0.16500994035785282
2 0.6474900596421471 0.510934393638171 0.046968190854870785 0.06759443339960235
2 0.7084368787276341 0.48111332007952284 0.059269383697813253 0.05964214711729625
2 0.7816848906560636 0.6540755467196818 0.07604373757455278 0.11530815109343934
2 0.6323931411530815 0.441351888667992 0.03914015904572565 0.07157057654075544
2 0.6771247514910536 0.41948310139165007 0.03914015904572565 0.051689860834990074
2 0.9488692842942344 0.7524850894632206 0.0928180914512923 0.14910536779324063
0 0.8292122266401591 0.8469184890656064 0.030193836978131258 0.08747514910536779
0 0.8689115308151094 0.8260437375745527 0.03354870775347905 0.08151093439363805
0 0.7895129224652088 0.8260437375745527 0.03354870775347905 0.09343936381709753
3 0.782803180914513 0.7554671968190856 0.029075546719681995 0.04373757455268389
3 0.8286530815109344 0.7594433399602386 0.03131212723658052 0.03976143141153074
3 0.8610834990059644 0.7554671968190854 0.03131212723658067 0.03976143141153088
