2 0.5854249502982107 0.39662027833001984 0.10400099403578529 0.1650099403578529
2 0.8046098409542745 0.7067594433399603 0.23372266401590466 0.17693836978131208
2 0.9160039761431412 0.8779324025330439 0.16799204771371762 0.153479119181396
3 0.6005218687872764 0.21272365805168988 0.022365805168985987 0.023856858846918492
0 0.6016401590457258 0.2455268389662028 0.024602385685884656 0.037773359840954264
2 0.5563494035785288 0.1848906560636183 0.04808648111332005 0.06361829025844928
3 0.46409045725646125 0.14314115308151093 0.01789264413518886 0.015904572564612317
0 0.46632703777335993 0.1809145129224652 0.01789264413518886 0.02783300198807158
3 0.5009940357852883 0.15407554671968193 0.013419483101391662 0.021868787276341964
3 0.5138543737574552 0.17892644135188868 0.016774353876739596 0.023856858846918492
0 0.512736083499006 0.2147117296222664 0.021247514910536794 0.03180914512922467
2 0.4003479125248509 0.11729622266401592 0.02236580516898613 0.04771371769383696
2 0.42662773359840955 0.1073558648111332 0.023484095427435462 0.043737574552683914
