2 0.12916252485089463 0.6650099403578529 0.08163518886679917 0.12524850894632203
2 0.2985834990059642 0.6520874751491053 0.07380715705765412 0.13121272365805153
2 0.6530815109343936 0.5447316103379721 0.046968190854870785 0.09145129224652088
2 0.7179423459244534 0.510934393638171 0.05144135188866784 0.09542743538767397
2 0.7190606361829026 0.7604373757455269 0.09169980119284304 0.14910536779324063
2 0.7850397614314116 0.6699801192842942 0.09840954274353876 0.11928429423459243
0 0.7889537773359843 0.8320079522862823 0.023484095427435393 0.0815109343936382
0 0.8331262425447317 0.8479125248508946 0.029075546719681995 0.08946322067594423
0 0.8739438369781313 0.831013916500994 0.03243041749502993 0.07952286282306162
3 0.7867171968190854 0.7544731610337974 0.02572067594433392 0.029821073558648124
3 0.826416500994036 0.7604373757455269 0.026838966202783324 0.04572564612326047
3 0.8672340954274356 0.7554671968190854 0.030193836978131258 0.05566600397614323
2 0.487015407554672 0.4502982107355865 0.04584990059642152 0.05367793240556658
2 0.4993166003976144 0.3310139165009941 0.03690357852882706 0.041749502982107355
2 0.6368663021868788 0.4552683896620278 0.045849900596421446 0.07157057654075544
2 0.6827162027833004 0.4244532803180914 0.04808648111332005 0.05367793240556658
