2 0.6195328031809145 0.46322067594433397 0.09840954274353876 0.11530815109343934
2 0.4931660039761432 0.7783300198807157 0.23707753479125246 0.17296222664015914
2 0.5591451292246521 0.6033797216699801 0.18563618290258446 0.16103379721669975
3 0.6855119284294235 0.2892644135188867 0.03131212723658038 0.02982107355864809
0 0.6855119284294235 0.3300198807157058 0.026838966202783324 0.03578528827037775
0 0.5652957256461232 0.25844930417495027 0.02124751491053672 0.023856858846918492
0 0.5104995029821073 0.22962226640159045 0.016774353876739666 0.025844930417495037
3 0.5082629224652088 0.19582504970178927 0.019010934393638195 0.021868787276341946
3 0.5625 0.22664015904572565 0.013419483101391592 0.019880715705765405
2 0.42215457256461236 0.1550695825049702 0.03914015904572565 0.04771371769383696
2 0.4154448310139165 0.09840954274353876 0.034666998011928525 0.033797216699801194
2 0.6156187872763419 0.24652087475149106 0.05703280318091458 0.08747514910536779
3 0.5731237574552684 0.16202783300198806 0.019010934393638195 0.021868787276341946
3 0.5513170974155069 0.20079522862823063 0.01565606361829019 0.019880715705765405
3 0.5278330019880716 0.1610337972166998 0.020129224652087458 0.019880715705765405
