2 0.6128230616302187 0.9075546719681908 0.23707753479125246 0.18489065606361835
2 0.30641153081510936 0.5765407554671969 0.06486083499005972 0.11133200795228625
2 0.1683026838966203 0.6043737574552683 0.10400099403578528 0.12723658051689854
2 0.6648235586481114 0.5785288270377734 0.054796222664016056 0.09145129224652088
2 0.7313618290258449 0.5337972166998012 0.05367793240556665 0.0894632206759443
2 0.7011679920477139 0.742544731610338 0.09393638170974171 0.15705765407554678
2 0.8029324055666006 0.6858846918489065 0.08722664015904584 0.10337972166998015
3 0.8655566600397614 0.7524850894632206 0.024602385685884656 0.029821073558648124
3 0.7867171968190856 0.7564612326043738 0.023484095427435535 0.029821073558647982
3 0.8280939363817097 0.7614314115308152 0.023484095427435393 0.027833001988071544
0 0.7923086481113321 0.8220675944333996 0.02572067594433406 0.07355864811133188
0 0.8331262425447317 0.8409542743538768 0.03354870775347905 0.08747514910536779
0 0.8756212723658052 0.8260437375745527 0.020129224652087316 0.08151093439363805
2 0.641339463220676 0.4771371769383698 0.04808648111331998 0.09145129224652088
2 0.6877485089463221 0.45427435387673953 0.03802186878727639 0.06958250497017893
2 0.948434393638171 0.7506958220161454 0.10313121272365805 0.13757454661678353
