2 0.7995775347912525 0.84493041749503 0.27957256461232605 0.19483101391650096
2 0.7431038767395626 0.6729622266401591 0.2270129224652088 0.1610337972166998
2 0.6021993041749504 0.4304174950298211 0.09281809145129223 0.13320079522862827
0 0.6318339960238569 0.26938369781312127 0.02012922465208753 0.041749502982107355
3 0.6279199801192844 0.23359840954274355 0.02795725646123266 0.025844930417495037
2 0.5731237574552684 0.20874751491053678 0.05479622266401592 0.06759443339960239
2 0.40538021868787283 0.08846918489065607 0.03019383697813119 0.029821073558648124
2 0.4064985089463221 0.1312127236580517 0.02572067594433392 0.03976143141153081
3 0.4791873757455269 0.11630218687872762 0.014537773359840855 0.01391650099403579
3 0.47806908548707755 0.16302186878727631 0.019010934393638122 0.023856858846918492
3 0.5021123260437377 0.13916500994035785 0.01565606361829026 0.015904572564612297
3 0.5317470178926442 0.13220675944333996 0.0100646123260438 0.00994035785288272
3 0.5166500994035785 0.1679920477137177 0.015656063618290333 0.025844930417495016
3 0.5289512922465209 0.19681908548707752 0.013419483101391662 0.019880715705765405
0 0.48086481113320084 0.19582504970178927 0.020129224652087458 0.025844930417495037
0 0.5283921471172962 0.22564612326043737 0.019010934393638122 0.025844930417495037
