2 0.2091202783300199 0.9333996023856858 0.10735586481113321 0.13320079522862827
2 0.2980243538767396 0.7773359840954274 0.06821570576540754 0.16699801192842942
2 0.1504100397614314 0.6143141153081512 0.07939860834990059 0.09940357852882706
2 0.2801317097415507 0.6113320079522864 0.07492544731610341 0.08548707753479129
3 0.38581013916500995 0.6381709741550696 0.024602385685884656 0.031809145129224774
0 0.38189612326043737 0.7007952286282307 0.032430417495029784 0.04572564612326047
3 0.3628851888667992 0.45129224652087474 0.023484095427435393 0.027833001988071544
3 0.42215457256461236 0.4771371769383698 0.019010934393638195 0.031809145129224635
3 0.38413270377733605 0.47713717693836977 0.019010934393638195 0.015904572564612352
0 0.4238320079522863 0.5149105367793241 0.026838966202783254 0.03578528827037772
0 0.3835735586481114 0.5168986083499005 0.02460238568588473 0.031809145129224704
0 0.1448185884691849 0.5407554671968191 0.030193836978131206 0.031809145129224635
0 0.3600894632206759 0.4880715705765407 0.01565606361829026 0.025844930417494964
3 0.14090457256461233 0.510934393638171 0.022365805168986057 0.01988071570576544
2 0.6871893638170974 0.6958250497017892 0.09729125248508944 0.12723658051689868
2 0.6609095427435389 0.5685884691848906 0.06262425447316118 0.09940357852882713
2 0.744222166998012 0.58051689860835 0.05703280318091458 0.09940357852882706
2 0.6491674950298212 0.48111332007952284 0.05032306163021872 0.05566600397614309
2 0.823061630218688 0.5377733598409543 0.05591451292246518 0.04572564612326047
2 0.9652087475149105 0.8172962196304594 0.06958250497017886 0.14353876132851326
2 0.7526093439363817 0.937375745526839 0.12524850894632222 0.12524850894632208
2 0.7179423459244534 0.49005964214711734 0.046968190854870785 0.069582504970179
2 0.8113195825049702 0.6819085487077535 0.0682157057654075 0.12326043737574544
