2 0.07101143141153082 0.5834990059642147 0.07268886679920478 0.08946322067594437
2 0.35841202783300197 0.7743538767395626 0.0861083499005964 0.12922465208747524
2 0.2756585487077535 0.6630218687872762 0.07045228628230618 0.11332007952286283
2 0.165506958250497 0.49304174950298213 0.04920477137176937 0.05964214711729625
2 0.22980864811133203 0.5735586481113321 0.05032306163021872 0.06163021868787268
2 0.33660536779324063 0.5506958250497017 0.07604373757455267 0.07554671968190853
2 0.4238320079522863 0.5864811133200796 0.05367793240556665 0.0675944333996025
2 0.6681784294234592 0.3508946322067594 0.043613320079522705 0.04572564612326047
2 0.7693836978131213 0.40755467196819084 0.03802186878727639 0.05964214711729625
2 0.6860710735586483 0.5347912524850895 0.07268886679920471 0.0675944333996025
2 0.705641153081511 0.6530815109343936 0.07157057654075544 0.11332007952286276
3 0.7302435387673957 0.7584493041749504 0.03131212723658052 0.0377733598409543
0 0.7352758449304175 0.8349900596421471 0.043613320079522705 0.07952286282306162
2 0.24490556660039764 0.35487077534791256 0.06262425447316101 0.05367793240556658
2 0.36120775347912526 0.47514910536779326 0.05144135188866798 0.05168986083499
2 0.4489935387673957 0.4333996023856859 0.04584990059642152 0.03976143141153081
2 0.42886431411530823 0.49204771371769385 0.05479622266401599 0.07355864811133202
2 0.35785288270377735 0.39463220675944327 0.04249502982107359 0.05367793240556658
