3 0.03466699801192843 0.7733598409542743 0.03578528827037773 0.04373757455268389
2 0.3830144135188867 0.9194831013916501 0.10400099403578537 0.1610337972166998
2 0.30193836978131217 0.7286282306163022 0.08499005964214713 0.13320079522862827
2 0.10344184890656064 0.5715705765407555 0.07045228628230615 0.07355864811133202
2 0.22477634194831014 0.5188866799204771 0.058151093439363845 0.0755467196819086
2 0.716824055666004 0.8240556660039761 0.11182902584493036 0.1411530815109343
3 0.7883946322067595 0.6580516898608348 0.022365805168985987 0.03578528827037772
2 0.6698558648111334 0.6332007952286283 0.07604373757455264 0.11729622266401585
2 0.6502857852882704 0.5089463220675945 0.04808648111332019 0.06759443339960242
2 0.8532554671968191 0.6003976143141153 0.0782803180914513 0.11133200795228632
2 0.7240929423459245 0.510934393638171 0.052559642147117246 0.07952286282306169
2 0.793986083499006 0.5069582504970179 0.04696819085487064 0.051689860834990074
0 0.7951043737574554 0.452286282306163 0.022365805168985987 0.017892644135188932
2 0.3589711729622266 0.5069582504970179 0.05591451292246525 0.06759443339960242
3 0.4540258449304176 0.40556660039761433 0.01789264413518886 0.015904572564612352
3 0.20632455268389663 0.4473161033797217 0.01677435387673956 0.01590457256461228
2 0.6346297216699801 0.4493041749502982 0.03914015904572565 0.03976143141153081
3 0.41656312127236583 0.41749502982107356 0.014537773359840998 0.01590457256461228
2 0.09058151093439365 0.9025844930417496 0.11630218687872765 0.1312127236580517
2 0.8504597415506958 0.7634194831013916 0.09952783300198803 0.15904572564612324
0 0.7800074552683897 0.7087475149105367 0.02124751491053672 0.05367793240556651
0 0.45402584493041753 0.43439363817097415 0.01565606361829026 0.021868787276341946
0 0.4154448310139165 0.4443339960238569 0.016774353876739596 0.01789264413518886
0 0.018451789264413522 0.8469184890656064 0.016774353876739565 0.04771371769383705
2 0.7637922465208749 0.6013916500994035 0.0715705765407553 0.06163021868787275
2 0.7045228628230616 0.4393638170974155 0.04920477137176931 0.04373757455268389
