3 0.12748508946322068 0.8389662027833001 0.03354870775347914 0.03976143141153074
0 0.11797962226640159 0.9095427435387674 0.04137673956262425 0.033797216699801284
3 0.10008697813121273 0.9612326043737573 0.030193836978131224 0.029821073558648124
2 0.270067097415507 0.44135188866799197 0.04137673956262425 0.06759443339960235
3 0.4048210735586481 0.4681908548707753 0.01565606361829026 0.01789264413518886
2 0.71514662027833 0.7286282306163022 0.08387176938369777 0.1610337972166998
2 0.6760064612326044 0.6153081510934393 0.059269383697813115 0.08946322067594444
2 0.8241799204771373 0.7296222664015904 0.09393638170974157 0.13916500994035771
2 0.922589463220676 0.68389662027833 0.09393638170974157 0.13916500994035794
2 0.7548459244532804 0.562624254473161 0.05591451292246518 0.08747514910536779
2 0.6491674950298212 0.5069582504970179 0.05032306163021872 0.0715705765407555
2 0.8353628230616303 0.5387673956262425 0.07157057654075558 0.08747514910536779
2 0.7240929423459245 0.532803180914513 0.052559642147117246 0.06361829025844934
2 0.6402211729622266 0.4502982107355865 0.04808648111332005 0.06163021868787275
0 0.40538021868787283 0.5059642147117296 0.021247514910536794 0.025844930417494964
2 0.47695079522862827 0.3697813121272366 0.03690357852882706 0.051689860834990074
2 0.6458126242544732 0.35288270377733594 0.03019383697813133 0.04174950298210739
2 0.7134691848906561 0.4860834990059642 0.046968190854870924 0.06560636182902577
2 0.964649602385686 0.8292246490539186 0.07070079522862813 0.13558647504620722
