2 0.08331262425447317 0.6978131212723659 0.09058151093439365 0.1232604373757455
2 0.2091202783300199 0.7127236580516899 0.10288270377733598 0.12922465208747524
2 0.2437872763419483 0.9174950298210736 0.09617296222664017 0.16500994035785282
3 0.33380964214711734 0.7972166998011929 0.02795725646123259 0.03578528827037772
0 0.331013916500994 0.8737574552683895 0.04249502982107355 0.05765407554671967
3 0.3925198807157058 0.5447316103379722 0.02460238568588473 0.031809145129224704
0 0.39140159045725653 0.588469184890656 0.026838966202783254 0.03578528827037772
3 0.3539388667992048 0.5337972166998013 0.02124751491053672 0.03379721669980121
0 0.3505839960238569 0.5765407554671969 0.023484095427435393 0.023856858846918457
2 0.7134691848906561 0.820079522862823 0.11406560636182916 0.16103379721669966
2 0.8471048707753479 0.7842942345924453 0.09952783300198803 0.15705765407554664
2 0.6687375745526839 0.6262425447316103 0.06038767395626245 0.09145129224652088
2 0.9382455268389662 0.7524850894632206 0.08499005964214704 0.13320079522862827
2 0.781125745526839 0.636182902584493 0.07939860834990058 0.09542743538767397
2 0.7352758449304175 0.5467196819085487 0.052559642147117246 0.08349900596421463
2 0.6458126242544732 0.47713717693836977 0.045849900596421446 0.047713717693836914
3 0.08834493041749504 0.5556660039761431 0.0246023856858847 0.02982107355864805
0 0.08610834990059642 0.6003976143141153 0.031312127236580514 0.031809145129224635
0 0.3209493041749504 0.5318091451292247 0.01789264413518886 0.02982107355864805
3 0.321508449304175 0.49502982107355864 0.023484095427435427 0.027833001988071544
2 0.654199801192843 0.5318091451292246 0.06709741550695825 0.06560636182902585
