2 0.0654199801192843 0.5159045725646123 0.1062375745526839 0.12524850894632203
2 0.37910039761431413 0.43141153081510936 0.08946322067594437 0.1391650099403578
2 0.6631461232604374 0.5139165009940357 0.11182902584493036 0.15308151093439362
2 0.4708001988071571 0.22564612326043737 0.04920477137176938 0.0854870775347912
2 0.5155318091451292 0.2107355864811133 0.040258449304174986 0.05566600397614312
3 0.8722664015904573 0.4274353876739563 0.024602385685884656 0.027833001988071544
3 0.5926938369781313 0.28230616302186884 0.02460238568588473 0.03578528827037775
3 0.5826292246520874 0.19781312127236583 0.022365805168986057 0.02982107355864809
3 0.6994905566600397 0.257455268389662 0.030193836978131258 0.02982107355864809
0 0.5921346918489065 0.3320079522862823 0.03690357852882706 0.039761431411530844
0 0.6653827037773361 0.3717693836978131 0.03131212723658052 0.04373757455268389
3 0.6597912524850895 0.2952286282306163 0.020129224652087458 0.03379721669980117
3 0.613941351888668 0.23658051689860835 0.026838966202783324 0.027833001988071544
0 0.5815109343936382 0.23260437375745524 0.02460238568588473 0.03578528827037772
2 0.4506709741550696 0.14512922465208747 0.04473161033797218 0.05168986083499005
2 0.7548459244532804 0.3767395626242545 0.08946322067594423 0.09343936381709739
