2 0.19793737574552686 0.5795228628230616 0.06933399602385687 0.08151093439363827
2 0.31759443339960236 0.5467196819085488 0.06486083499005964 0.07952286282306155
2 0.5317470178926442 0.8836978131212723 0.19346421471172967 0.18886679920477134
2 0.7084368787276341 0.7445328031809146 0.0928180914512923 0.16500994035785296
2 0.6665009940357853 0.5964214711729623 0.07604373757455257 0.09542743538767397
2 0.7313618290258449 0.5427435387673956 0.06486083499005957 0.09145129224652081
2 0.6402211729622266 0.48906560636182905 0.043613320079522705 0.0715705765407555
2 0.6944582504970179 0.46322067594433397 0.04696819085487064 0.05964214711729625
2 0.943277833001988 0.7524850894632206 0.08834493041749497 0.13717693836978143
0 0.7906312127236581 0.8220675944333996 0.01789264413518879 0.07753479125248504
0 0.8348036779324056 0.8479125248508946 0.02348409542743525 0.07753479125248504
0 0.8772987077534792 0.8290258449304175 0.03243041749502993 0.07952286282306162
3 0.7828031809145131 0.7604373757455269 0.024602385685884656 0.03777335984095416
3 0.8292122266401591 0.7654075546719682 0.03466699801192832 0.03578528827037772
3 0.8666749502982108 0.7495029821073558 0.026838966202783324 0.04373757455268389
2 0.8057281312127238 0.7057654075546719 0.08610834990059658 0.1232604373757455
