2 0.09785039761431413 0.5864811133200796 0.06374254473161035 0.07157057654075537
2 0.11126988071570576 0.7485089463220675 0.07268886679920476 0.09343936381709739
2 0.18004473161033802 0.8866799204771371 0.11182902584493044 0.13121272365805153
2 0.39811133200795223 0.7067594433399603 0.06486083499005964 0.10139165009940357
2 0.2818091451292246 0.6719681908548708 0.0872266401590457 0.11928429423459243
2 0.1576789264413519 0.46421471172962225 0.05367793240556661 0.05765407554671967
2 0.27286282306163023 0.39065606361829025 0.03802186878727632 0.04572564612326047
3 0.0782803180914513 0.5089463220675944 0.0246023856858847 0.027833001988071614
2 0.43836978131212734 0.4960238568588469 0.04249502982107352 0.06163021868787268
2 0.21415258449304175 0.378727634194831 0.03466699801192842 0.0377733598409543
3 0.18787276341948314 0.3866799204771372 0.017892644135188894 0.017892644135188932
0 0.6200919483101391 0.5447316103379722 0.023484095427435462 0.03976143141153074
3 0.6206510934393639 0.5049701789264414 0.026838966202783254 0.031809145129224635
2 0.3304547713717694 0.5596421471172962 0.05255964214711735 0.07355864811133195
2 0.4070576540755468 0.584493041749503 0.06933399602385684 0.08747514910536779
2 0.6340705765407555 0.6381709741550696 0.08051689860834997 0.1232604373757455
2 0.7587599403578529 0.9224652087475149 0.15991550695825055 0.12723658051689868
2 0.32542246520874757 0.44831013916500995 0.04473161033797215 0.05765407554671967
2 0.39028330019880714 0.4234592445328032 0.040258449304174986 0.05964214711729625
2 0.6407803180914513 0.3270377733598409 0.03578528827037779 0.04572564612326044
2 0.7034045725646123 0.3727634194831014 0.05144135188866784 0.04174950298210731
2 0.6441351888667992 0.4592445328031809 0.05144135188866798 0.051689860834990074
2 0.6821570576540756 0.5268389662027834 0.06038767395626238 0.07554671968190853
2 0.716824055666004 0.6182902584493042 0.07157057654075544 0.09145129224652088
3 0.46353131212723653 0.4165009940357853 0.021247514910536794 0.021868787276341946
0 0.4618538767395627 0.44333996023856853 0.02012922465208753 0.023856858846918457
2 0.46297216699801197 0.3320079522862823 0.026838966202783254 0.027833001988071544
