2 0.40538021868787283 0.7604373757455269 0.12860337972166996 0.1530815109343938
2 0.3757455268389662 0.6043737574552683 0.0782803180914513 0.12326043737574537
2 0.43333747514910537 0.44333996023856853 0.059269383697813115 0.07554671968190853
2 0.6994905566600397 0.7246520874751491 0.0816351888667991 0.15705765407554664
2 0.8426317097415508 0.5904572564612326 0.0771620278330019 0.12326043737574559
2 0.7129100397614314 0.4970178926441352 0.05703280318091458 0.07157057654075544
2 0.6754473161033797 0.40457256461232605 0.03354870775347919 0.049701789264413494
2 0.6307157057654076 0.426441351888668 0.05144135188866798 0.06560636182902585
0 0.7822440357852883 0.8061630218687873 0.03243041749502993 0.069582504970179
0 0.8353628230616303 0.8499005964214712 0.03578528827037772 0.0815109343936382
0 0.8739438369781313 0.8210735586481113 0.03243041749502993 0.09145129224652081
3 0.7800074552683899 0.7345924453280318 0.030193836978131258 0.05765407554671967
3 0.826416500994036 0.7673956262425448 0.026838966202783324 0.05566600397614309
3 0.8666749502982108 0.7564612326043738 0.03578528827037758 0.06163021868787268
