2 0.22253976143141155 0.566600397614314 0.1520874751491054 0.16302186878727631
2 0.4931660039761432 0.768389662027833 0.24602385685884698 0.17693836978131203
2 0.030752982107355865 0.37892643831833217 0.06150596421471173 0.10497018499355434
2 0.6754473161033797 0.5387673956262425 0.0961729622266401 0.13916500994035785
3 0.7844806163021869 0.5019880715705766 0.02572067594433406 0.029821073558648124
3 0.8571694831013917 0.525844930417495 0.02795725646123259 0.029821073558648124
0 0.7844806163021869 0.5685884691848906 0.050323061630218574 0.06361829025844941
0 0.8638792246520876 0.5894632206759444 0.04137673956262418 0.0815109343936382
2 0.6788021868787277 0.4035785288270378 0.06933399602385691 0.10735586481113323
2 0.5468439363817097 0.26739562624254476 0.05367793240556665 0.07355864811133199
2 0.46856361829025844 0.11332007952286283 0.03354870775347912 0.04373757455268389
2 0.4238320079522863 0.10834990059642147 0.03578528827037772 0.04970178926441353
2 0.6228876739562624 0.2524850894632207 0.07157057654075558 0.1033797216699801
2 0.027957256461232607 0.19085487077534793 0.055914512922465215 0.059642147117296214
2 0.28684145129224653 0.15208747514910537 0.05255964214711728 0.06958250497017895
2 0.5843066600397614 0.1481113320079523 0.04808648111332005 0.0536779324055666
3 0.7772117296222664 0.39662027833001984 0.026838966202783324 0.045725646123260404
2 0.5742420477137178 0.3658051689860835 0.05703280318091451 0.09940357852882706
2 0.9052559642147118 0.5099403578528827 0.10400099403578537 0.1292246520874752
