2 0.03354870775347912 0.30616302186878724 0.06486083499005964 0.08747514910536776
2 0.2147117296222664 0.6322067594433399 0.19681908548707752 0.16699801192842942
2 0.321508449304175 0.25844930417495027 0.06821570576540754 0.09145129224652088
2 0.8331262425447317 0.8290258449304175 0.3131212723658052 0.2544731610337972
2 0.6726515904572565 0.5318091451292246 0.11071073558648116 0.15308151093439362
3 0.69110337972167 0.38767395626242546 0.029075546719681995 0.03578528827037772
3 0.6804796222664016 0.2912524850894632 0.02572067594433392 0.025844930417495
2 0.48701540755467204 0.19284294234592445 0.04808648111332012 0.06759443339960239
2 0.5306287276341949 0.2952286282306163 0.05479622266401599 0.09343936381709739
2 0.5552311133200796 0.18687872763419486 0.05703280318091451 0.08349900596421472
2 0.5982852882703777 0.2952286282306163 0.05367793240556665 0.0815109343936382
0 0.7805666003976143 0.5089463220675944 0.046968190854870924 0.06361829025844934
3 0.7811257455268391 0.4473161033797217 0.02124751491053672 0.03578528827037779
0 0.6804796222664017 0.33697813121272363 0.016774353876739666 0.045725646123260404
