2 0.03802186878727634 0.32007952286282304 0.07380715705765407 0.09940357852882706
2 0.0268389662027833 0.20278330019880716 0.05144135188866799 0.08349900596421471
2 0.5351018886679921 0.1709741550695825 0.04584990059642159 0.055666003976143144
2 0.2723036779324056 0.06759443339960239 0.030193836978131224 0.04373757455268389
2 0.46632703777335993 0.15109343936381708 0.03802186878727632 0.047713717693836984
2 0.665382703777336 0.536779324055666 0.0849900596421471 0.13518886679920478
2 0.7330392644135191 0.47614314115308154 0.0816351888667991 0.13320079522862827
2 0.6228876739562624 0.23956262425447314 0.058151093439363845 0.05765407554671967
2 0.5943712723658052 0.2882703777335984 0.07268886679920471 0.06759443339960242
2 0.4238320079522863 0.1640159045725646 0.04473161033797218 0.06163021868787275
0 0.9320949304174951 0.668986083499006 0.030193836978131258 0.09343936381709746
0 0.8129970178926442 0.6163021868787275 0.03578528827037772 0.10337972166998007
0 0.8471048707753479 0.5884691848906561 0.02572067594433392 0.06361829025844934
3 0.8135561630218688 0.5357852882703777 0.02572067594433406 0.05367793240556658
3 0.8571694831013917 0.48707753479125243 0.021247514910536863 0.031809145129224635
3 0.9019010934393639 0.5298210735586482 0.02572067594433406 0.04174950298210746
3 0.8370402584493042 0.5159045725646123 0.016774353876739524 0.03777335984095423
