2 0.22589463220675945 0.7862823061630217 0.10064612326043737 0.1292246520874751
2 0.16271123260437378 0.6660039761431412 0.08610834990059643 0.08349900596421471
2 0.31368041749502984 0.930417495029821 0.10400099403578529 0.13916500994035785
2 0.3024975149105368 0.6182902584493042 0.08163518886679924 0.11530815109343927
2 0.40761679920477134 0.6570576540755468 0.06821570576540757 0.0894632206759443
2 0.41488568588469193 0.5427435387673957 0.05367793240556658 0.07554671968190853
2 0.12972166998011928 0.5467196819085487 0.06486083499005964 0.06361829025844927
3 0.102882703777336 0.47514910536779326 0.02460238568588469 0.023856858846918527
2 0.1705392644135189 0.44035785288270374 0.04361332007952287 0.0377733598409543
2 0.33940109343936387 0.5278330019880716 0.052559642147117315 0.06560636182902592
2 0.3366053677932406 0.42544731610337977 0.04249502982107355 0.05566600397614316
2 0.4003479125248509 0.4125248508946322 0.044731610337972114 0.04572564612326047
2 0.4422837972166998 0.46918489065606367 0.05479622266401592 0.05964214711729618
2 0.6547589463220678 0.7296222664015904 0.09505467196819083 0.14314115308151087
2 0.7380715705765408 0.6580516898608348 0.08051689860834983 0.10735586481113316
3 0.6385437375745527 0.5576540755467196 0.026838966202783254 0.03379721669980121
0 0.6407803180914513 0.6113320079522863 0.03131212723658045 0.04572564612326047
2 0.6972539761431412 0.5616302186878728 0.059269383697813115 0.0815109343936382
2 0.6553180914512922 0.4801192842942346 0.058151093439363845 0.06958250497017893
2 0.652522365805169 0.33399602385685884 0.03243041749502986 0.03976143141153081
2 0.7263295228628232 0.3856858846918489 0.05479622266401592 0.06361829025844934
2 0.2667122266401591 0.3648111332007952 0.052559642147117315 0.04572564612326047
2 0.23428180914512925 0.32306163021868783 0.03914015904572565 0.037773359840954264
2 0.17333499005964217 0.3399602385685885 0.03578528827037774 0.03578528827037772
3 0.19346421471172964 0.3727634194831014 0.01789264413518886 0.013916500994035772
