2 0.17780815109343936 0.8439363817097416 0.10735586481113321 0.1848906560636182
2 0.2952286282306163 0.9264413518886679 0.1051192842942346 0.14711729622266403
2 0.6978131212723659 0.9135188866799205 0.13643141153081514 0.172962226640159
2 0.37015407554671964 0.7395626242544731 0.09840954274353869 0.143141153081511
2 0.6788021868787277 0.5765407554671969 0.06933399602385691 0.11928429423459243
2 0.2600024850894632 0.6829025844930418 0.07716202783300204 0.14910536779324055
2 0.4249502982107356 0.5864811133200796 0.06486083499005964 0.11133200795228625
2 0.26447564612326047 0.5308151093439364 0.06150596421471171 0.08349900596421471
0 0.832567097415507 0.8568588469184891 0.03914015904572565 0.06759443339960242
3 0.8331262425447318 0.7793240556660039 0.03131212723658067 0.05964214711729625
3 0.3282181908548708 0.46322067594433397 0.014537773359840927 0.027833001988071544
2 0.3511431411530815 0.532803180914513 0.04920477137176938 0.0715705765407555
3 0.7190606361829026 0.47415506958250503 0.008946322067594395 0.01789264413518886
