3 0.18619532803180916 0.595427435387674 0.03466699801192842 0.029821073558648124
3 0.20967942345924456 0.35487077534791256 0.03690357852882706 0.025844930417495037
3 0.20856113320079522 0.27335984095427435 0.03466699801192842 0.0377733598409543
3 0.29970178926441354 0.38767395626242546 0.02907554671968196 0.031809145129224635
0 0.18787276341948314 0.6878727634194831 0.04025844930417495 0.07157057654075544
0 0.3013792246520875 0.4473161033797217 0.02348409542743532 0.05964214711729618
0 0.21079771371769382 0.4214711729622266 0.030193836978131224 0.05566600397614316
2 0.05088220675944334 0.7825049671453699 0.10176441351888668 0.287872769486596
2 0.10456013916500993 0.3320079522862823 0.07045228628230615 0.1033797216699801
2 0.8051689860834992 0.753479125248509 0.13643141153081514 0.2107355864811133
2 0.9108474155069584 0.68389662027833 0.15320576540755454 0.17495029821073557
2 0.7995775347912525 0.39960238568588463 0.0827534791252485 0.10735586481113323
2 0.703963717693837 0.4125248508946322 0.08610834990059629 0.10934393638170974
2 0.6950173956262425 0.31610337972166996 0.08163518886679924 0.09145129224652088
2 0.6145004970178927 0.3101391650099404 0.06597912524850898 0.1073558648111332
2 0.5954895626242545 0.40059642147117297 0.07716202783300197 0.10139165009940357
2 0.549639662027833 0.34791252485089463 0.06374254473161031 0.11530815109343936
2 0.5009940357852883 0.268389662027833 0.06038767395626238 0.09145129224652088
2 0.4881336978131213 0.17992047713717696 0.05032306163021864 0.0536779324055666
2 0.45458499005964215 0.21968190854870775 0.05479622266401584 0.06560636182902585
