2 0.7587599403578529 0.5894632206759443 0.07045228628230618 0.10139165009940357
2 0.6038767395626242 0.5576540755467196 0.06709741550695825 0.1292246520874751
2 0.15320576540755468 0.6968190854870775 0.08499005964214712 0.1371769383697813
2 0.37518638170974156 0.7405566600397614 0.08834493041749504 0.1292246520874751
2 0.32094930417495027 0.5745526838966203 0.05815109343936381 0.08349900596421471
2 0.19681908548707752 0.5198807157057653 0.05144135188866802 0.06958250497017893
0 0.23092693836978131 0.6809145129224652 0.02572067594433399 0.05765407554671952
3 0.23707753479125251 0.6252485089463221 0.026838966202783324 0.04174950298210746
2 0.4283051689860835 0.5407554671968191 0.05367793240556665 0.08747514910536779
2 0.3958747514910537 0.4304174950298211 0.05591451292246525 0.06560636182902585
2 0.33940109343936387 0.43737574552683894 0.039140159045725584 0.051689860834990074
2 0.612263916500994 0.4304174950298211 0.04808648111331998 0.07355864811133202
3 0.8711481113320079 0.7882703777335984 0.026838966202783324 0.04174950298210731
0 0.8717072564612326 0.8687872763419483 0.04808648111332005 0.08747514910536779
