3 0.21079771371769385 0.5834990059642147 0.02795725646123259 0.04174950298210739
3 0.23204522862823063 0.39860834990059646 0.01901093439363816 0.025844930417495037
3 0.3433151093439364 0.6003976143141153 0.026838966202783324 0.03976143141153088
0 0.21079771371769382 0.6868787276341948 0.04137673956262429 0.06958250497017886
0 0.34443339960238567 0.6918489065606362 0.040258449304174916 0.06759443339960242
0 0.23819582504970177 0.4622266401590457 0.03354870775347916 0.049701789264413564
2 0.9445203777335984 0.7248508915986502 0.11095924453280319 0.19324055059292675
2 0.71514662027833 0.5984095427435387 0.1017644135188867 0.16302186878727631
2 0.8884816103379722 0.4771371769383698 0.1442594433399603 0.2067594433399602
2 0.7967818091451293 0.5258449304174949 0.10400099403578537 0.1650099403578529
2 0.7492544731610338 0.35288270377733594 0.0827534791252485 0.10536779324055665
2 0.6720924453280318 0.2882703777335984 0.07380715705765412 0.06759443339960242
2 0.6938991053677932 0.3886679920477137 0.09281809145129216 0.10139165009940364
2 0.5328653081510935 0.3260437375745527 0.06150596421471178 0.09542743538767397
2 0.5798334990059643 0.28727634194831014 0.06150596421471171 0.08946322067594434
2 0.485337972166998 0.2485089463220676 0.046968190854870716 0.06361829025844934
2 0.5060263419483101 0.20377733598409542 0.05032306163021864 0.06560636182902585
2 0.43613320079522866 0.19284294234592445 0.04249502982107359 0.0636182902584493
2 0.4657678926441352 0.15009940357852883 0.052559642147117246 0.0536779324055666
