2 0.23763667992047716 0.5576540755467196 0.06821570576540757 0.08548707753479129
2 0.6530815109343938 0.5208747514910537 0.05591451292246525 0.10337972166998015
2 0.25161530815109345 0.44532803180914515 0.04473161033797215 0.05964214711729625
2 0.4417246520874752 0.4562624254473161 0.03578528827037772 0.05367793240556665
2 0.4143265407554672 0.6182902584493042 0.05479622266401592 0.11530815109343927
2 0.577037773359841 0.4214711729622266 0.04920477137176938 0.07952286282306169
2 0.1772490059642147 0.43538767395626243 0.04361332007952283 0.05964214711729625
2 0.33380964214711734 0.5566600397614314 0.05926938369781315 0.08349900596421478
2 0.37239065606361826 0.3916500994035785 0.026838966202783324 0.03976143141153081
3 0.7710611332007953 0.6610337972166999 0.03243041749502993 0.0377733598409543
3 0.7034045725646123 0.4502982107355865 0.013419483101391733 0.021868787276341946
3 0.3142395626242545 0.48906560636182905 0.013419483101391733 0.023856858846918457
0 0.773297713717694 0.73558648111332 0.04361332007952299 0.07157057654075544
0 0.7056411530815109 0.48906560636182905 0.017892644135188932 0.04373757455268389
