0 0.9399229622266403 0.6799204771371768 0.05032306163021872 0.07952286282306162
0 0.8465457256461234 0.6451292246520874 0.03131212723658052 0.08548707753479129
2 0.3645626242544732 0.7952286282306162 0.2326043737574553 0.21073558648111315
2 0.6760064612326044 0.5407554671968191 0.09505467196819076 0.13518886679920478
2 0.7665879721669981 0.5119284294234592 0.09505467196819083 0.12127236580516901
2 0.7727385685884691 0.3727634194831014 0.10288270377733597 0.13717693836978131
2 0.6894259443339961 0.40755467196819084 0.07045228628230632 0.09145129224652088
2 0.5943712723658052 0.23161033797216704 0.06150596421471178 0.061630218687872794
2 0.6720924453280318 0.2842942345924453 0.06262425447316104 0.06759443339960242
2 0.46632703777335993 0.22763419483101394 0.04249502982107352 0.061630218687872794
2 0.5132952286282307 0.20377733598409542 0.04473161033797218 0.06958250497017893
2 0.4378106361829026 0.16898608349900596 0.04584990059642152 0.05168986083499005
3 0.84375 0.5666003976143141 0.02795725646123259 0.03578528827037772
3 0.8733846918489067 0.5566600397614314 0.022365805168985987 0.05168986083499
3 0.9332132206759444 0.6023856858846918 0.02572067594433406 0.05964214711729618
