2 0.25441103379721675 0.7256461232604374 0.09505467196819087 0.12723658051689868
2 0.38581013916500995 0.7723658051689861 0.0782803180914513 0.12127236580516908
2 0.3164761431411531 0.5994035785288271 0.06262425447316104 0.0854870775347912
2 0.14314115308151096 0.4831013916500994 0.0536779324055666 0.05964214711729618
2 0.30920725646123265 0.48011928429423456 0.04808648111332012 0.06560636182902585
2 0.4322191848906561 0.525844930417495 0.052559642147117246 0.069582504970179
2 0.39867047713717696 0.621272365805169 0.06597912524850898 0.08548707753479129
2 0.6128230616302187 0.5904572564612326 0.0782803180914513 0.09145129224652095
2 0.7078777335984096 0.8121272365805169 0.1073558648111333 0.14910536779324046
2 0.7011679920477139 0.584493041749503 0.06709741550695825 0.08747514910536779
2 0.06541998011928431 0.6272365805168986 0.08610834990059643 0.09343936381709732
2 0.2745402584493042 0.3976143141153081 0.04584990059642149 0.047713717693836914
2 0.3869284294234592 0.44333996023856853 0.04473161033797218 0.06361829025844934
2 0.6363071570576541 0.44333996023856853 0.058151093439363706 0.05168986083499
2 0.6922216699801195 0.36381709741550694 0.044731610337972114 0.051689860834990074
2 0.2739811133200796 0.34592445328031807 0.04025844930417495 0.03578528827037772
2 0.051441351888668 0.8349900596421471 0.09169980119284295 0.09542743538767397
2 0.13754970178926443 0.952286282306163 0.12301192842942346 0.08349900596421478
2 0.43892892644135195 0.4244532803180914 0.023484095427435393 0.045725646123260404
2 0.4562624254473161 0.34592445328031807 0.02460238568588473 0.023856858846918527
2 0.6329522862823063 0.3190854870775348 0.03354870775347919 0.03379721669980121
2 0.2091202783300199 0.39662027833001984 0.040258449304174916 0.0377733598409543
3 0.05032306163021869 0.5447316103379722 0.01565606361829026 0.031809145129224704
3 0.6061133200795229 0.474155069582505 0.013419483101391662 0.021868787276341946
3 0.18060387673956263 0.400596421471173 0.012301192842942328 0.01789264413518886
0 0.6100273359840955 0.5049701789264414 0.02572067594433392 0.023856858846918527
0 0.18060387673956263 0.4214711729622266 0.012301192842942328 0.01590457256461228
