2 0.1073558648111332 0.5874751491053677 0.17221669980119284 0.15705765407554664
2 0.0922589463220676 0.422465208747515 0.10847415506958252 0.12127236580516901
2 0.27286282306163023 0.1073558648111332 0.05591451292246518 0.055666003976143144
2 0.5026714711729623 0.14214711729622265 0.03690357852882698 0.04970178926441351
2 0.446756958250497 0.13220675944333996 0.034666998011928386 0.05367793240556661
2 0.6748881709741551 0.5487077534791253 0.1017644135188867 0.13518886679920478
2 0.6709741550695825 0.29025844930417494 0.08946322067594437 0.10735586481113323
2 0.5815109343936382 0.20278330019880714 0.04473161033797226 0.0636182902584493
2 0.5809517892644136 0.3101391650099404 0.06150596421471164 0.07952286282306162
0 0.8074055666003978 0.6103379721669981 0.044731610337972114 0.08747514910536786
0 0.8968687872763419 0.6361829025844931 0.05591451292246518 0.06759443339960235
3 0.826416500994036 0.4592445328031809 0.026838966202783324 0.015904572564612352
3 0.7990183896620279 0.5278330019880716 0.03243041749502993 0.04174950298210731
2 0.7101143141153082 0.452286282306163 0.0782803180914513 0.11332007952286276
3 0.8890407554671969 0.5238568588469186 0.026838966202783185 0.03379721669980114
