2 0.26838966202783304 0.7932405566600397 0.14090457256461236 0.1789264413518886
2 0.6184145129224653 0.43439363817097415 0.0827534791252485 0.10934393638170974
2 0.6273608349900597 0.33399602385685884 0.07604373757455257 0.09542743538767393
2 0.7330392644135189 0.3399602385685884 0.08610834990059658 0.08747514910536779
2 0.8521371769383699 0.45427435387673953 0.10288270377733597 0.13320079522862818
2 0.11686133200795229 0.2823061630218688 0.09281809145129223 0.13518886679920478
2 0.4568215705765407 0.22564612326043737 0.03914015904572565 0.04572564612326044
2 0.5026714711729623 0.19383697813121273 0.03914015904572565 0.041749502982107355
2 0.4333374751491054 0.1779324055666004 0.04361332007952285 0.05367793240556661
2 0.5524353876739563 0.2495029821073559 0.04696819085487064 0.061630218687872794
3 0.18955019880715707 0.39165009940357853 0.03243041749502986 0.03578528827037772
0 0.1878727634194831 0.4562624254473161 0.029075546719681922 0.07355864811133202
3 0.27565854870775347 0.28926441351888665 0.01901093439363816 0.025844930417495037
0 0.27845427435387676 0.3389662027833002 0.03131212723658052 0.04174950298210731
3 0.1973782306163022 0.19880715705765406 0.023484095427435393 0.027833001988071544
3 0.20241053677932405 0.25646123260437376 0.020129224652087458 0.02783300198807158
0 0.20017395626242546 0.2982107355864811 0.026838966202783324 0.03180914512922467
2 0.5132952286282306 0.2912524850894632 0.040258449304174916 0.07753479125248511
2 0.7369532803180916 0.4493041749502982 0.10064612326043744 0.11928429423459243
