2 0.13083996023856861 0.7137176938369783 0.1006461232604374 0.11928429423459236
2 0.3589711729622267 0.7226640159045726 0.07604373757455264 0.1292246520874751
2 0.2745402584493042 0.6650099403578529 0.08610834990059643 0.12127236580516908
2 0.32039015904572565 0.5596421471172962 0.07045228628230618 0.07753479125248511
2 0.40761679920477134 0.6133200795228627 0.07492544731610344 0.10139165009940364
2 0.43948807157057657 0.5009940357852882 0.04920477137176938 0.06361829025844934
2 0.31759443339960236 0.4502982107355865 0.03354870775347912 0.05367793240556658
2 0.3768638170974155 0.4622266401590457 0.04920477137176938 0.049701789264413564
2 0.628479125248509 0.6332007952286283 0.08275347912524865 0.14910536779324055
2 0.8001366799204771 0.8250497017892644 0.1308399602385687 0.18687872763419477
3 0.7224155069582505 0.4990059642147118 0.020129224652087458 0.023856858846918457
0 0.7257703777335984 0.5397614314115309 0.02236580516898613 0.03379721669980121
3 0.781125745526839 0.5735586481113321 0.016774353876739524 0.02982107355864805
0 0.7872763419483101 0.621272365805169 0.020129224652087458 0.033797216699801284
3 0.8079647117296223 0.5427435387673956 0.016774353876739666 0.01988071570576537
0 0.8124378727634195 0.5894632206759444 0.019010934393638195 0.04572564612326047
2 0.6061133200795229 0.40457256461232605 0.03802186878727646 0.06560636182902585
2 0.5630591451292247 0.400596421471173 0.034666998011928386 0.06163021868787275
