3 0.22589463220675945 0.34990059642147114 0.03131212723658052 0.027833001988071544
3 0.21527087475149106 0.4821073558648111 0.02795725646123259 0.021868787276341946
3 0.32486332007952284 0.5188866799204771 0.03690357852882706 0.03578528827037772
0 0.21638916500994035 0.5715705765407555 0.04137673956262425 0.05765407554671967
0 0.33269135188866805 0.6043737574552683 0.043613320079522885 0.07952286282306169
0 0.2292495029821074 0.41749502982107356 0.03131212723658052 0.0715705765407555
2 0.1095924453280318 0.3717693836978131 0.0805168986083499 0.10735586481113316
2 0.7358349900596421 0.6431411530815109 0.11406560636182916 0.1689860834990059
2 0.818029324055666 0.5705765407554673 0.10847415506958256 0.15506958250497013
2 0.9209120278330022 0.5308151093439364 0.14425944333996013 0.21073558648111337
2 0.7643513916500995 0.3747514910536779 0.08163518886679924 0.10536779324055665
2 0.6938991053677932 0.39363817097415504 0.09281809145129216 0.10337972166998015
2 0.6810387673956262 0.30616302186878724 0.07157057654075558 0.08747514910536776
2 0.5921346918489065 0.2962226640159046 0.06374254473161038 0.07952286282306165
2 0.5406933399602386 0.33399602385685884 0.0704522862823061 0.11133200795228625
2 0.4937251491053678 0.2644135188866799 0.05479622266401584 0.07952286282306162
2 0.5211232604373758 0.2147117296222664 0.05591451292246525 0.0636182902584493
2 0.4752733598409543 0.15805168986083498 0.04920477137176938 0.06163021868787275
2 0.4434020874751491 0.2147117296222664 0.04808648111332012 0.06759443339960239
2 0.41600397614314116 0.1540755467196819 0.03578528827037779 0.041749502982107355
2 0.4003479125248509 0.07554671968190854 0.03802186878727632 0.03976143141153081
