3 0.35785288270377735 0.7117296222664016 0.03802186878727632 0.03976143141153088
3 0.20744284294234594 0.7067594433399603 0.03914015904572565 0.04572564612326047
3 0.2393141153081511 0.4552683896620279 0.029075546719681922 0.031809145129224635
0 0.2124751491053678 0.8061630218687873 0.055914512922465215 0.09343936381709739
0 0.36008946322067603 0.8210735586481113 0.04473161033797218 0.07554671968190846
2 0.8963096421471174 0.6759443339960238 0.1464960238568588 0.1709741550695824
2 0.6950173956262427 0.5755467196819086 0.10400099403578522 0.16898608349900607
2 0.8577286282306162 0.45427435387673953 0.1341948310139165 0.17296222664015906
2 0.7665879721669981 0.5019880715705765 0.09505467196819083 0.1371769383697813
2 0.6206510934393639 0.44632206759443344 0.09169980119284298 0.15705765407554678
2 0.5323061630218688 0.3240556660039761 0.06486083499005964 0.11530815109343934
2 0.7470178926441352 0.35089463220675937 0.07157057654075544 0.09741550695825048
2 0.4803056660039762 0.2385685884691849 0.04808648111332005 0.0636182902584493
2 0.5669731610337972 0.27037773359840955 0.05367793240556651 0.08349900596421471
2 0.6569955268389662 0.2813121272365805 0.07045228628230625 0.061630218687872794
2 0.5054671968190856 0.18687872763419486 0.055914512922465104 0.05566600397614312
2 0.42662773359840955 0.1779324055666004 0.03914015904572565 0.037773359840954264
2 0.4489935387673957 0.13916500994035785 0.032430417495029784 0.03976143141153082
0 0.24546471172962228 0.5308151093439364 0.04361332007952285 0.051689860834990074
