2 0.40593936381709744 0.5556660039761431 0.05367793240556665 0.10139165009940349
2 0.6290382703777336 0.44234592445328036 0.043613320079522705 0.0815109343936382
3 0.7062002982107356 0.5039761431411531 0.019010934393638195 0.025844930417495107
2 0.3052932405566601 0.7405566600397614 0.12077534791252482 0.1371769383697813
3 0.7347166998011929 0.5745526838966203 0.024602385685884656 0.03578528827037772
3 0.7632331013916501 0.614314115308151 0.030193836978131116 0.03578528827037772
0 0.7609965208747517 0.6729622266401591 0.023484095427435393 0.05367793240556651
0 0.7084368787276343 0.5397614314115309 0.02124751491053672 0.02982107355864805
0 0.7324801192842942 0.6272365805168986 0.02236580516898613 0.04572564612326047
2 0.6497266401590457 0.35288270377733594 0.03131212723658045 0.0377733598409543
2 0.71514662027833 0.3976143141153081 0.04361332007952299 0.047713717693836914
