2 0.1084741550695825 0.5785288270377734 0.1386679920477137 0.14711729622266403
2 0.40090705765407564 0.48111332007952284 0.11071073558648116 0.15109343936381714
2 0.6564363817097416 0.5159045725646123 0.10735586481113323 0.13320079522862818
2 0.7268886679920479 0.34990059642147114 0.09169980119284289 0.07952286282306158
3 0.5742420477137178 0.2723658051689861 0.023484095427435462 0.027833001988071544
3 0.8303305168986083 0.40457256461232605 0.023484095427435393 0.021868787276341946
0 0.8286530815109344 0.4532803180914513 0.04920477137176931 0.06759443339960242
0 0.6407803180914513 0.3479125248508946 0.02236580516898613 0.03976143141153081
0 0.5781560636182903 0.31312127236580517 0.029075546719681922 0.04572564612326044
2 0.4601764413518887 0.20576540755467196 0.04584990059642152 0.06958250497017893
2 0.5054671968190855 0.19880715705765406 0.03802186878727639 0.05964214711729625
2 0.44004721669980124 0.13518886679920478 0.041376739562624325 0.047713717693836984
3 0.5686505964214712 0.18489065606361826 0.019010934393638265 0.03180914512922467
3 0.5943712723658052 0.22862823061630216 0.02572067594433406 0.03180914512922467
3 0.6357480119284296 0.2803180914512922 0.014537773359840927 0.019880715705765405
3 0.66706013916501 0.23061630218687873 0.02348409542743525 0.03180914512922467
0 0.6681784294234592 0.26838966202783304 0.023484095427435393 0.019880715705765405
