2 0.29299204771371773 0.7783300198807157 0.09617296222664017 0.12127236580516908
2 0.45738071570576544 0.7037773359840955 0.08499005964214718 0.1351888667992047
2 0.4070576540755467 0.9284294234592445 0.10959244532803183 0.143141153081511
2 0.07380715705765409 0.7226640159045726 0.11182902584493044 0.10934393638170987
2 0.3947564612326044 0.5526838966202783 0.06709741550695825 0.10337972166998015
2 0.7626739562624255 0.9294234592445327 0.12301192842942342 0.14115308151093445
2 0.6899850894632208 0.6809145129224652 0.08051689860834983 0.1292246520874752
2 0.8605243538767396 0.7962226640159045 0.11965705765407549 0.1848906560636182
2 0.6469309145129225 0.547713717693837 0.05479622266401599 0.09343936381709753
2 0.8599652087475149 0.6163021868787275 0.07604373757455278 0.10337972166998007
2 0.5037897614314116 0.44632206759443344 0.04808648111332012 0.07355864811133202
2 0.7861580516898609 0.4960238568588469 0.04920477137176931 0.06163021868787268
2 0.6418986083499008 0.47216699801192846 0.04696819085487064 0.05367793240556658
2 0.27230367793240556 0.48508946322067586 0.06374254473161031 0.06759443339960235
2 0.40202534791252487 0.4244532803180914 0.03690357852882698 0.03777335984095423
2 0.4445203777335985 0.44333996023856853 0.034666998011928386 0.05168986083499
2 0.6329522862823062 0.422465208747515 0.04249502982107352 0.06163021868787275
