2 0.20017395626242546 0.5576540755467196 0.06262425447316104 0.07753479125248511
2 0.3321322067594433 0.662027833001988 0.08051689860834994 0.11928429423459243
2 0.4109716699801193 0.9035785288270378 0.11294731610337969 0.18886679920477134
2 0.3880467196819086 0.5646123260437377 0.06709741550695825 0.07952286282306155
2 0.48533797216699803 0.5069582504970179 0.04249502982107359 0.06759443339960242
2 0.7011679920477139 0.716699801192843 0.07157057654075558 0.1292246520874751
2 0.6609095427435389 0.5646123260437377 0.06709741550695825 0.11133200795228639
2 0.8113195825049702 0.5467196819085487 0.06597912524850898 0.09145129224652095
2 0.7951043737574552 0.6640159045725647 0.0872266401590457 0.13518886679920483
2 0.7727385685884692 0.4711729622266402 0.04473161033797226 0.051689860834990074
2 0.42774602385685884 0.4910536779324055 0.052559642147117315 0.07157057654075544
2 0.3600894632206759 0.47216699801192846 0.05144135188866798 0.08151093439363813
2 0.2521744532803181 0.39065606361829025 0.04137673956262425 0.05367793240556665
2 0.48366053677932414 0.3568588469184891 0.02348409542743532 0.03379721669980121
2 0.6295974155069582 0.4801192842942346 0.04920477137176931 0.049701789264413564
2 0.3108846918489066 0.38767395626242546 0.04249502982107352 0.051689860834990074
3 0.40258449304174954 0.39562624254473167 0.01565606361829026 0.01988071570576544
2 0.20185139165009944 0.4791252485089463 0.050323061630218685 0.047713717693836984
2 0.8996645129224652 0.6868787276341948 0.07939860834990058 0.1371769383697812
3 0.8979870775347913 0.5874751491053678 0.029075546719681995 0.04572564612326047
