2 0.058151093439363824 0.7942345924453281 0.102882703777336 0.10139165009940357
2 0.07268886679920478 0.6550695825049702 0.08946322067594434 0.0894632206759443
2 0.19905566600397617 0.6202783300198808 0.09169980119284298 0.11133200795228625
2 0.38469184890656066 0.6262425447316103 0.06933399602385684 0.09940357852882699
2 0.4529075546719682 0.4612326043737574 0.058151093439363775 0.07952286282306162
2 0.3243041749502983 0.5785288270377734 0.06038767395626245 0.11133200795228625
2 0.5759194831013916 0.44333996023856853 0.046968190854870785 0.07952286282306169
2 0.6217693836978132 0.41948310139165007 0.04025844930417506 0.06759443339960242
2 0.165506958250497 0.8986083499005963 0.060387673956262426 0.11133200795228632
0 0.8622017892644136 0.7435387673956262 0.02236580516898613 0.05964214711729625
3 0.8610834990059643 0.6749502982107356 0.029075546719681995 0.0377733598409543
3 0.7744160039761432 0.5636182902584492 0.030193836978131116 0.02186878727634202
0 0.7727385685884692 0.6123260437375746 0.017892644135188932 0.051689860834990074
