2 0.07212972166998012 0.6163021868787277 0.061505964214711745 0.08747514910536786
2 0.20408797216699803 0.5487077534791253 0.06374254473161034 0.08349900596421463
2 0.2801317097415507 0.7882703777335983 0.08163518886679924 0.1371769383697813
2 0.3349279324055667 0.532803180914513 0.05479622266401599 0.08349900596421478
2 0.4724776341948311 0.5675944333996025 0.06374254473161038 0.12127236580516892
2 0.3410785288270378 0.6719681908548708 0.06709741550695832 0.11928429423459243
3 0.18843190854870775 0.4671968190854871 0.023484095427435393 0.027833001988071544
3 0.446756958250497 0.4304174950298211 0.019010934393638265 0.029821073558648124
0 0.446756958250497 0.46123260437375746 0.019010934393638265 0.023856858846918457
0 0.4042619284294235 0.4652087475149105 0.016774353876739524 0.023856858846918457
3 0.40538021868787283 0.4274353876739563 0.019010934393638122 0.027833001988071544
2 0.7062002982107356 0.7693836978131213 0.10400099403578537 0.1312127236580517
2 0.8482231610337974 0.58051689860835 0.07939860834990058 0.11133200795228625
2 0.757082504970179 0.6013916500994035 0.07604373757455278 0.09741550695825055
2 0.6648235586481114 0.5984095427435389 0.07268886679920464 0.11133200795228632
2 0.6480492047713718 0.49502982107355864 0.05479622266401592 0.06361829025844927
2 0.7190606361829026 0.5049701789264414 0.05591451292246518 0.0715705765407555
2 0.7917495029821074 0.5 0.05591451292246532 0.05367793240556658
2 0.6351888667992048 0.44333996023856853 0.04249502982107352 0.03976143141153081
3 0.7911903578528827 0.43737574552683894 0.02572067594433406 0.03578528827037772
2 0.6329522862823062 0.31510934393638174 0.02012922465208753 0.029821073558648124
