2 0.37965954274353875 0.6361829025844931 0.06150596421471171 0.10337972166998015
2 0.4232728628230616 0.8598409542743539 0.19793737574552686 0.1809145129224652
2 0.6251242544731611 0.4145129224652087 0.04249502982107359 0.06560636182902585
2 0.6978131212723659 0.378727634194831 0.024602385685884656 0.04174950298210731
0 0.744222166998012 0.6242544731610338 0.0301938369781314 0.05566600397614323
3 0.744222166998012 0.5765407554671969 0.014537773359840855 0.031809145129224635
3 0.3880467196819086 0.47713717693836977 0.02012922465208739 0.015904572564612352
0 0.3897241550695826 0.525844930417495 0.03019383697813119 0.04572564612326047
0 0.7073185884691849 0.5099403578528827 0.019010934393638195 0.025844930417495037
3 0.7302435387673957 0.5387673956262425 0.01565606361829026 0.0238568588469186
3 0.703963717693837 0.48111332007952284 0.021247514910536863 0.023856858846918527
3 0.2790134194831014 0.3976143141153081 0.016774353876739596 0.015904572564612352
