3 0.21638916500994035 0.8638170974155069 0.04584990059642149 0.049701789264413494
2 0.11071073558648113 0.6630218687872764 0.16998011928429424 0.18091451292246524
2 0.421036282306163 0.10139165009940357 0.03914015904572565 0.05168986083499005
2 0.40761679920477134 0.15208747514910537 0.034666998011928386 0.05765407554671968
2 0.46241302186878724 0.14811133200795226 0.03690357852882706 0.04572564612326044
2 0.44563866799204777 0.1848906560636183 0.03914015904572565 0.047713717693836984
2 0.48701540755467193 0.2644135188866799 0.05032306163021864 0.09542743538767397
2 0.5244781312127237 0.22266401590457258 0.04696819085487064 0.0636182902584493
2 0.6195328031809146 0.2495029821073559 0.05367793240556665 0.06958250497017897
2 0.6955765407554673 0.3071570576540756 0.07380715705765396 0.07355864811133202
2 0.6737698807157058 0.5407554671968191 0.09952783300198803 0.143141153081511
2 0.7850397614314116 0.5447316103379722 0.09169980119284304 0.1312127236580517
2 0.705641153081511 0.4294234592445328 0.0782803180914513 0.11133200795228625
0 0.21862574552683894 0.9761431411530814 0.03914015904572565 0.04771371769383705
3 0.869470675944334 0.6073558648111331 0.030193836978131116 0.0377733598409543
3 0.9102882703777336 0.5367793240556661 0.020129224652087458 0.03976143141153081
3 0.8890407554671969 0.5815109343936382 0.026838966202783185 0.04174950298210731
3 0.9505467196819086 0.6163021868787276 0.026838966202783185 0.047713717693836914
3 0.9745899602385686 0.588469184890656 0.032430417495029784 0.04771371769383705
0 0.8733846918489067 0.6988071570576541 0.04025844930417506 0.07753479125248504
0 0.959493041749503 0.7087475149105367 0.029075546719681995 0.08946322067594437
2 0.4680044731610339 0.7435387673956262 0.2762176938369782 0.22664015904572551
