2 0.12077534791252485 0.6590457256461232 0.08499005964214712 0.10139165009940349
2 0.24714214711729623 0.6600397614314114 0.08499005964214718 0.10337972166998007
2 0.27509940357852886 0.8469184890656064 0.09617296222664021 0.1510934393638172
2 0.7352758449304175 0.8946322067594434 0.09505467196819083 0.18290258449304175
2 0.8689115308151094 0.8419483101391649 0.11182902584493036 0.18489065606361835
2 0.678243041749503 0.6500994035785288 0.07716202783300204 0.09542743538767404
2 0.7431038767395627 0.562624254473161 0.059269383697813115 0.08349900596421471
2 0.6530815109343936 0.5427435387673956 0.06038767395626245 0.07952286282306162
3 0.1146247514910537 0.5308151093439364 0.02572067594433401 0.02783300198807147
0 0.1146247514910537 0.5675944333996025 0.03690357852882704 0.03379721669980114
0 0.40817594433399607 0.5536779324055666 0.01789264413518886 0.029821073558648194
0 0.3690357852882704 0.5437375745526839 0.022365805168986057 0.025844930417495037
0 0.3645626242544732 0.7753479125248509 0.029075546719681922 0.06361829025844927
0 0.3427559642147118 0.5089463220675945 0.016774353876739596 0.031809145129224704
3 0.3427559642147118 0.47216699801192846 0.02795725646123266 0.029821073558648124
3 0.40985337972167 0.5149105367793241 0.02572067594433399 0.03578528827037772
3 0.3690357852882704 0.4970178926441352 0.02012922465208753 0.027833001988071544
2 0.9511058648111334 0.7793240556660039 0.09281809145129216 0.1312127236580517
2 0.8152335984095427 0.5208747514910537 0.04920477137176946 0.03578528827037772
3 0.7883946322067595 0.5526838966202783 0.013419483101391733 0.023856858846918457
2 0.7145874751491053 0.48310139165009935 0.04920477137176946 0.07157057654075544
2 0.6480492047713718 0.4721669980119284 0.045849900596421446 0.05765407554671967
