2 0.652522365805169 0.8091451292246521 0.26056163021868783 0.20278330019880714
2 0.6407803180914513 0.6381709741550696 0.21918489065606367 0.17097415506958258
2 0.6094681908548708 0.4443339960238568 0.09840954274353883 0.1292246520874751
3 0.6581138170974156 0.26441351888667997 0.02124751491053672 0.03180914512922467
3 0.49092942345924456 0.18190854870775347 0.017892644135188932 0.01789264413518886
3 0.5501988071570577 0.14910536779324057 0.015656063618290333 0.019880715705765405
3 0.4931660039761432 0.12624254473161034 0.013419483101391733 0.01391650099403579
2 0.41041252485089463 0.09840954274353876 0.026838966202783324 0.04572564612326044
2 0.41712226640159045 0.14612326043737572 0.026838966202783324 0.041749502982107355
0 0.5462847912524852 0.2415506958250497 0.021247514910536794 0.03379721669980121
0 0.4937251491053678 0.2117296222664016 0.023484095427435393 0.03379721669980121
3 0.5172092445328031 0.1451292246520875 0.014537773359840927 0.03180914512922465
2 0.5954895626242545 0.23061630218687873 0.05479622266401584 0.06361829025844934
0 0.5541128230616303 0.17892644135188868 0.021247514910536794 0.019880715705765405
