2 0.3690357852882704 0.6053677932405566 0.06486083499005964 0.08548707753479129
2 0.20241053677932405 0.5874751491053678 0.07604373757455271 0.06560636182902592
2 0.45346669980119286 0.7415506958250497 0.08834493041749504 0.13916500994035785
2 0.5183275347912526 0.39860834990059646 0.03690357852882706 0.045725646123260404
2 0.29970178926441354 0.43836978131212717 0.03802186878727632 0.06163021868787275
2 0.7498136182902584 0.8966202783300199 0.12636679920477134 0.20278330019880714
2 0.6659418489065607 0.6272365805168986 0.0704522862823061 0.10139165009940357
2 0.9326540755467199 0.7425447316103378 0.10511928429423463 0.13717693836978143
2 0.6581138170974157 0.5228628230616302 0.06150596421471178 0.07157057654075544
2 0.8074055666003978 0.5288270377733598 0.0626242544731609 0.07157057654075544
2 0.6374254473161035 0.45129224652087474 0.046968190854870855 0.05964214711729625
2 0.6821570576540756 0.4234592445328032 0.04249502982107344 0.04373757455268389
2 0.7375124254473161 0.4254473161033797 0.03466699801192832 0.04373757455268389
2 0.4372514910536779 0.4860834990059642 0.0782803180914513 0.07753479125248518
2 0.4573807157057654 0.40159045725646125 0.03354870775347912 0.05566600397614309
2 0.48701540755467204 0.5755467196819086 0.06374254473161038 0.08548707753479129
