2 0.2851640159045726 0.7157057654075547 0.10959244532803179 0.12723658051689854
2 0.4277460238568589 0.532803180914513 0.05479622266401592 0.09145129224652081
2 0.6312748508946322 0.4652087475149105 0.05032306163021864 0.07157057654075544
2 0.6564363817097416 0.3618290258449304 0.024602385685884656 0.03976143141153081
3 0.40258449304174954 0.41948310139165007 0.02236580516898613 0.01988071570576537
0 0.4048210735586481 0.4473161033797217 0.020129224652087458 0.027833001988071614
3 0.7598782306163022 0.4304174950298211 0.019010934393638195 0.025844930417494964
0 0.7593190854870777 0.4572564612326043 0.02236580516898613 0.023856858846918457
0 0.7162649105367794 0.5646123260437376 0.02124751491053672 0.03976143141153088
3 0.7140283300198809 0.5248508946322068 0.016774353876739524 0.031809145129224704
3 0.7397490059642148 0.5924453280318092 0.019010934393638195 0.023856858846918457
3 0.7716202783300199 0.6401590457256462 0.02236580516898613 0.03976143141153081
0 0.7738568588469183 0.6958250497017892 0.03354870775347919 0.051689860834990074
0 0.7352758449304175 0.6441351888667992 0.023484095427435393 0.03976143141153081
