3 0.36735834990059646 0.5367793240556661 0.02572067594433392 0.023856858846918457
0 0.37183151093439365 0.5934393638170975 0.03914015904572565 0.05367793240556665
2 0.2504970178926441 0.4930417495029822 0.05815109343936381 0.06361829025844934
2 0.47024105367793245 0.3866799204771372 0.03914015904572565 0.049701789264413494
2 0.7481361829025847 0.8976143141153082 0.1207753479125249 0.172962226640159
2 0.7017271371769386 0.6888667992047713 0.08610834990059643 0.14910536779324055
2 0.8141153081510936 0.7186878727634195 0.06709741550695825 0.1371769383697813
2 0.946756958250497 0.7695825019366225 0.10648608349900585 0.12763418876390106
2 0.6771247514910536 0.595427435387674 0.04808648111332005 0.05367793240556651
2 0.786158051689861 0.6272365805168986 0.07380715705765412 0.11332007952286283
2 0.7548459244532804 0.5596421471172962 0.05591451292246518 0.10139165009940364
2 0.861083499005964 0.6133200795228628 0.05144135188866797 0.07753479125248504
2 0.6525223658051691 0.4910536779324056 0.05479622266401584 0.06361829025844934
2 0.9344557654075547 0.9433399602385686 0.13108846918489064 0.1133200795228629
