2 0.02627982107355865 0.3401590426920896 0.0525596421471173 0.09900597028182467
2 0.32989562624254476 0.28926441351888665 0.07157057654075544 0.10536779324055665
2 0.6665009940357853 0.5377733598409543 0.0961729622266401 0.14910536779324063
2 0.8532554671968191 0.4761431411530815 0.09840954274353862 0.11332007952286283
2 0.580392644135189 0.2753479125248509 0.05367793240556665 0.06560636182902585
2 0.5172092445328031 0.2912524850894632 0.05479622266401584 0.10139165009940357
2 0.4847788270377734 0.1908548707753479 0.04808648111331998 0.047713717693836984
3 0.6687375745526839 0.3717693836978131 0.024602385685884798 0.03578528827037772
0 0.6709741550695826 0.4244532803180914 0.035785288270377864 0.04174950298210739
3 0.665382703777336 0.27335984095427435 0.020129224652087458 0.03379721669980121
0 0.6603503976143142 0.31709741550695825 0.02795725646123259 0.029821073558648124
2 0.4668861829025845 0.1481113320079523 0.039140159045725584 0.0536779324055666
2 0.541811630218688 0.17892644135188868 0.04808648111332005 0.07952286282306162
3 0.8264165009940357 0.35785288270377735 0.03131212723658052 0.047713717693836984
