2 0.22253976143141152 0.783300198807157 0.10959244532803179 0.15109343936381706
2 0.3768638170974155 0.8339960238568588 0.10288270377733603 0.1371769383697813
2 0.02851640159045726 0.6662027802666423 0.05703280318091452 0.08707754085836533
2 0.2913146123260437 0.6421471172962226 0.061505964214711745 0.1073558648111333
2 0.38916500994035785 0.6600397614314114 0.06709741550695825 0.09940357852882692
2 0.4283051689860835 0.5616302186878727 0.06933399602385684 0.08548707753479129
2 0.6720924453280318 0.7007952286282307 0.08499005964214718 0.1411530815109343
2 0.13083996023856861 0.5019880715705766 0.0738071570576541 0.0815109343936382
2 0.2885188866799205 0.5079522862823062 0.049204771371769346 0.07355864811133195
2 0.37965954274353886 0.45129224652087474 0.03914015904572565 0.05566600397614316
2 0.6038767395626242 0.5467196819085487 0.05591451292246532 0.08349900596421463
2 0.6899850894632206 0.558648111332008 0.06709741550695825 0.08349900596421471
2 0.6569955268389662 0.4771371769383698 0.043613320079522705 0.05566600397614316
2 0.630156560636183 0.42842942345924456 0.04584990059642138 0.06163021868787275
