2 0.09729125248508946 0.8439363817097416 0.11853876739562624 0.14115308151093445
2 0.4064985089463221 0.8409542743538768 0.18004473161033802 0.13916500994035785
2 0.7034045725646123 0.7485089463220675 0.09393638170974157 0.16103379721669994
2 0.4305417495029822 0.5556660039761432 0.0715705765407555 0.09741550695825041
2 0.44284294234592453 0.4701789264413519 0.06262425447316097 0.05765407554671967
2 0.7475770377733599 0.5874751491053678 0.0682157057654075 0.09741550695825055
2 0.6396620278330021 0.4731610337972167 0.04249502982107359 0.05566600397614309
2 0.6916625248508947 0.45427435387673953 0.04361332007952285 0.05765407554671974
2 0.9119657057654075 0.7067594433399603 0.07492544731610351 0.1292246520874751
2 0.47695079522862827 0.36083499005964215 0.02572067594433406 0.04174950298210731
2 0.625124254473161 0.411530815109344 0.03802186878727632 0.03976143141153081
2 0.6687375745526839 0.39065606361829025 0.03354870775347919 0.04572564612326047
0 0.832567097415507 0.8439363817097416 0.03243041749502993 0.0815109343936382
0 0.87618041749503 0.820079522862823 0.03690357852882713 0.07355864811133188
0 0.7850397614314116 0.8180914512922465 0.024602385685884656 0.07753479125248504
3 0.7816848906560636 0.7544731610337974 0.03578528827037772 0.04174950298210731
3 0.8258573558648112 0.7703777335984096 0.03690357852882713 0.05367793240556665
3 0.8588469184890657 0.7564612326043738 0.029075546719681995 0.049701789264413494
