2 0.18731361829025847 0.5994035785288271 0.08610834990059643 0.08946322067594437
2 0.3147987077534792 0.7256461232604374 0.09281809145129223 0.1312127236580517
2 0.6888667992047713 0.6759443339960238 0.0872266401590457 0.11928429423459243
2 0.8828901590457258 0.6560636182902584 0.0928180914512923 0.1192842942345925
2 0.35114314115308154 0.503976143141153 0.06486083499005972 0.06958250497017893
2 0.37910039761431413 0.6023856858846919 0.06486083499005972 0.09940357852882713
2 0.4775099403578529 0.5298210735586482 0.05591451292246518 0.06958250497017893
2 0.4154448310139165 0.5089463220675944 0.04361332007952278 0.06361829025844934
2 0.1750124254473161 0.5119284294234593 0.059269383697813115 0.05765407554671967
2 0.6581138170974157 0.547713717693837 0.06821570576540764 0.0854870775347912
2 0.6312748508946323 0.47216699801192846 0.04808648111332005 0.049701789264413564
2 0.8034915506958251 0.5268389662027834 0.06374254473161031 0.06759443339960242
2 0.7816848906560636 0.6341948310139165 0.08499005964214704 0.11530815109343934
2 0.47695079522862827 0.3658051689860835 0.02795725646123259 0.031809145129224635
2 0.25105616302186884 0.40556660039761433 0.03914015904572562 0.05964214711729625
2 0.30585238568588474 0.40159045725646125 0.04361332007952285 0.05566600397614309
2 0.7621148111332008 0.46123260437375746 0.04137673956262418 0.047713717693836984
2 0.3908424453280318 0.9413518886679921 0.1151838966202783 0.11729622266401592
