2 0.7073185884691849 0.753479125248509 0.08610834990059643 0.15506958250497022
2 0.46744532803180916 0.8131212723658052 0.1453777335984096 0.18290258449304175
2 0.3270999005964215 0.5188866799204771 0.05032306163021864 0.06759443339960235
2 0.6743290258449304 0.6053677932405567 0.0827534791252485 0.11332007952286276
2 0.7431038767395627 0.5616302186878728 0.059269383697813115 0.09741550695825055
2 0.9449552683896622 0.7594433399602386 0.09393638170974143 0.1510934393638172
2 0.641339463220676 0.49801192842942343 0.05703280318091458 0.06958250497017893
2 0.6989314115308151 0.47117296222664007 0.044731610337972114 0.05566600397614316
2 0.22477634194831012 0.5556660039761432 0.08051689860834987 0.08946322067594437
2 0.5216824055666005 0.3757455268389662 0.03690357852882698 0.05566600397614309
2 0.4825422465208748 0.3687872763419483 0.034666998011928456 0.04174950298210731
2 0.6340705765407555 0.4463220675944333 0.03354870775347898 0.049701789264413564
