2 0.12189363817097415 0.7773359840954274 0.09393638170974157 0.11928429423459264
2 0.38413270377733605 0.7624254473161034 0.07939860834990058 0.11729622266401592
2 0.32933648111332015 0.5755467196819086 0.05479622266401592 0.1093439363817098
2 0.41041252485089463 0.5576540755467196 0.06486083499005957 0.08548707753479129
2 0.6866302186878728 0.831013916500994 0.10064612326043751 0.15904572564612324
2 0.154324055666004 0.4960238568588469 0.05367793240556661 0.07355864811133202
2 0.2974652087475149 0.4214711729622266 0.055914512922465145 0.06361829025844934
2 0.6363071570576541 0.4532803180914513 0.04473161033797218 0.05566600397614316
2 0.5904572564612326 0.474155069582505 0.04249502982107359 0.06958250497017886
2 0.6223285288270378 0.39662027833001984 0.04808648111332019 0.045725646123260404
2 0.5781560636182903 0.415506958250497 0.03354870775347912 0.047713717693836984
