2 0.15096918489065608 0.6262425447316103 0.08499005964214712 0.0954274353876739
2 0.2985834990059642 0.6013916500994037 0.07157057654075544 0.10536779324055673
2 0.7201789264413518 0.5159045725646123 0.05367793240556665 0.0815109343936382
2 0.6547589463220675 0.5546719681908548 0.05703280318091458 0.0954274353876739
2 0.7011679920477139 0.7405566600397614 0.10511928429423463 0.15705765407554678
2 0.7990183896620279 0.6749502982107356 0.09058151093439364 0.10934393638170967
3 0.786158051689861 0.7504970178926442 0.017892644135188932 0.025844930417494964
3 0.8303305168986084 0.7564612326043738 0.02572067594433406 0.045725646123260334
3 0.8649975149105369 0.7495029821073558 0.02795725646123259 0.047713717693836914
0 0.7900720675944334 0.8190854870775348 0.030193836978131258 0.07157057654075544
0 0.832567097415507 0.8429423459244532 0.023484095427435393 0.09542743538767397
0 0.872825546719682 0.8240556660039761 0.02124751491053672 0.08946322067594437
2 0.9488692842942344 0.7604373757455269 0.0928180914512923 0.1530815109343938
2 0.6357480119284294 0.46123260437375746 0.03690357852882691 0.06759443339960235
2 0.6894259443339961 0.44632206759443344 0.059269383697813115 0.06560636182902585
