3 0.23036779324055665 0.6003976143141153 0.02683896620278329 0.03976143141153088
0 0.23372266401590458 0.7017892644135189 0.04025844930417495 0.09542743538767383
3 0.9499875745526839 0.6610337972167 0.030193836978131258 0.04970178926441363
3 0.9729125248508947 0.5934393638170975 0.01565606361829012 0.0377733598409543
0 0.9561381709741551 0.7495029821073558 0.026838966202783324 0.07952286282306176
0 0.9846545725646123 0.6928429423459245 0.02572067594433392 0.07753479125248504
2 0.6715333001988071 0.5457256461232605 0.09281809145129209 0.14512922465208752
2 0.8314488071570577 0.6063618290258449 0.10847415506958243 0.16699801192842947
2 0.6474900596421471 0.27534791252485086 0.0626242544731609 0.08151093439363816
2 0.7375124254473161 0.47813121272365805 0.0905815109343935 0.13320079522862818
2 0.8152335984095427 0.4294234592445328 0.09840954274353876 0.14314115308151087
2 0.7268886679920478 0.3399602385685885 0.07157057654075544 0.09940357852882702
2 0.5160909542743539 0.30318091451292245 0.06150596421471178 0.11332007952286278
2 0.5507579522862823 0.25844930417495027 0.05703280318091458 0.08747514910536779
2 0.4635313121272367 0.22166998011928427 0.05032306163021864 0.07753479125248507
2 0.48813369781312127 0.17196819085487078 0.04808648111332005 0.0536779324055666
2 0.44004721669980124 0.12723658051689862 0.03914015904572565 0.051689860834990074
2 0.4204771371769384 0.1679920477137177 0.03131212723658052 0.04970178926441351
