3 0.17445328031809149 0.7514910536779325 0.038021868787276335 0.03976143141153074
3 0.1604746520874752 0.8548707753479126 0.03243041749502982 0.03976143141153074
0 0.16718439363817097 0.9433399602385686 0.07492544731610336 0.07355864811133188
2 0.28292743538767395 0.41948310139165007 0.049204771371769346 0.051689860834990074
2 0.7240929423459245 0.7564612326043738 0.09952783300198803 0.16103379721669994
2 0.48142395626242546 0.36679920477137173 0.04584990059642152 0.049701789264413564
2 0.8375994035785288 0.7673956262425446 0.09393638170974157 0.15109343936381706
2 0.6810387673956262 0.6391650099403579 0.06933399602385677 0.1133200795228629
2 0.935449801192843 0.7057654075546719 0.1017644135188867 0.14711729622266403
2 0.7917495029821074 0.6610337972166999 0.07380715705765412 0.12127236580516892
2 0.8700298210735588 0.6421471172962226 0.06933399602385705 0.09940357852882699
2 0.6586729622266403 0.5725646123260438 0.06038767395626245 0.07952286282306169
2 0.7565233598409543 0.5735586481113321 0.06150596421471178 0.1093439363817098
2 0.6446943339960239 0.5059642147117296 0.059269383697813253 0.10139165009940364
2 0.7240929423459245 0.5308151093439364 0.052559642147117246 0.07952286282306162
2 0.7979000994035786 0.5168986083499005 0.032430417495029784 0.06361829025844934
2 0.6430168986083499 0.35487077534791256 0.026838966202783324 0.0377733598409543
