3 0.22365805168986086 0.6908548707753479 0.03131212723658052 0.04970178926441363
0 0.2230989065606362 0.7992047713717693 0.04808648111332012 0.09940357852882699
2 0.14817345924453282 0.4831013916500994 0.11294731610337971 0.1391650099403578
2 0.8124378727634195 0.5675944333996024 0.09952783300198817 0.13320079522862827
2 0.6748881709741551 0.5427435387673957 0.10847415506958243 0.13916500994035794
2 0.6357480119284294 0.25944333996023855 0.06374254473161031 0.08946322067594434
2 0.7045228628230618 0.31709741550695825 0.06486083499005972 0.07753479125248504
2 0.5429299204771373 0.24254473161033796 0.04137673956262425 0.05566600397614316
2 0.5104995029821073 0.294234592445328 0.06150596421471171 0.11133200795228629
2 0.716824055666004 0.4393638170974155 0.08499005964214718 0.09145129224652088
2 0.4668861829025845 0.2147117296222664 0.04137673956262425 0.059642147117296214
2 0.4775099403578529 0.16600397614314116 0.040258449304174916 0.06958250497017891
2 0.421036282306163 0.16699801192842942 0.03914015904572565 0.0636182902584493
2 0.42998260437375746 0.11729622266401592 0.032430417495029784 0.043737574552683914
2 0.8062872763419483 0.422465208747515 0.1118290258449305 0.14115308151093436
3 0.9248260437375745 0.6242544731610338 0.026838966202783324 0.03976143141153088
3 0.9427186878727635 0.6878727634194831 0.02236580516898613 0.03976143141153088
3 0.9416003976143142 0.5755467196819085 0.024602385685884656 0.04174950298210731
0 0.9337723658051691 0.7922465208747514 0.06933399602385691 0.11729622266401578
