2 0.13922713717693835 0.9055666003976143 0.20241053677932405 0.18886679920477134
2 0.5021123260437377 0.8757455268389662 0.2035288270377734 0.19681908548707752
2 0.4238320079522863 0.5934393638170974 0.07157057654075544 0.07753479125248504
2 0.42942345924453285 0.4910536779324056 0.06038767395626238 0.07554671968190853
2 0.47639165009940354 0.38170974155069587 0.046968190854870855 0.06361829025844934
2 0.7073185884691849 0.7504970178926442 0.0838717693836979 0.1809145129224652
2 0.9091699801192843 0.6759443339960239 0.09840954274353876 0.143141153081511
2 0.6379845924453281 0.4681908548707753 0.03690357852882706 0.06163021868787275
2 0.7414264413518887 0.5695825049701789 0.08051689860834997 0.10536779324055658
2 0.6922216699801195 0.43737574552683894 0.03578528827037772 0.06759443339960242
0 0.8320079522862823 0.8429423459244532 0.024602385685884656 0.07157057654075558
0 0.872825546719682 0.8210735586481113 0.02795725646123259 0.07952286282306162
3 0.8258573558648112 0.7693836978131213 0.030193836978131258 0.03976143141153088
3 0.8627609343936382 0.753479125248509 0.03690357852882698 0.04373757455268389
