2 0.42550944333996027 0.8210735586481113 0.0928180914512923 0.15506958250497022
2 0.35561630218687873 0.6202783300198808 0.07380715705765412 0.11133200795228625
2 0.40426192842942343 0.5407554671968191 0.04808648111332012 0.06759443339960235
2 0.3763046719681909 0.4552683896620278 0.03914015904572565 0.051689860834990074
2 0.22421719681908547 0.5357852882703777 0.061505964214711745 0.07355864811133202
2 0.43110089463220674 0.4721669980119284 0.03243041749502986 0.05765407554671967
2 0.49092942345924456 0.4850894632206759 0.044731610337972114 0.05964214711729625
2 0.48701540755467204 0.34691848906560635 0.019010934393638122 0.025844930417495037
2 0.7145874751491056 0.7743538767395626 0.08946322067594437 0.14910536779324046
2 0.9315357852882704 0.731610337972167 0.09393638170974157 0.12723658051689868
2 0.8090830019880716 0.7017892644135189 0.09505467196819083 0.1510934393638172
2 0.6715333001988071 0.6083499005964215 0.06597912524850891 0.11928429423459236
2 0.8264165009940357 0.5666003976143141 0.060387673956262516 0.09145129224652095
2 0.773297713717694 0.47813121272365805 0.04361332007952299 0.06163021868787275
2 0.6340705765407556 0.5029821073558648 0.05367793240556665 0.06361829025844927
2 0.7363941351888669 0.43141153081510936 0.04361332007952285 0.04373757455268389
2 0.2616799204771372 0.3926441351888668 0.03578528827037772 0.045725646123260404
2 0.30752982107355864 0.36679920477137173 0.04473161033797218 0.049701789264413564
2 0.20129224652087477 0.9542743538767396 0.12301192842942349 0.09145129224652081
3 0.41768141153081517 0.3836978131212724 0.012301192842942328 0.01988071570576537
0 0.4182405566600398 0.4085487077534791 0.017892644135188932 0.025844930417494964
