2 0.740867296222664 0.8220675944333996 0.11518389662027843 0.20079522862823068
2 0.8588469184890656 0.801192842942346 0.09840954274353876 0.143141153081511
2 0.9568215705765408 0.7626242514396046 0.08635685884691853 0.1614314054637022
2 0.6843936381709742 0.6590457256461232 0.07157057654075558 0.10536779324055665
2 0.8096421471172962 0.6699801192842942 0.0961729622266401 0.09940357852882692
2 0.6631461232604374 0.5675944333996025 0.06933399602385684 0.07355864811133195
2 0.7649105367793241 0.5695825049701789 0.07380715705765396 0.0815109343936382
3 0.24490556660039764 0.6411530815109344 0.03578528827037775 0.03777335984095437
3 0.25049701789264417 0.7206759443339961 0.02460238568588473 0.04174950298210746
3 0.27174453280318095 0.7793240556660039 0.02460238568588469 0.04771371769383705
0 0.26559393638170975 0.8578528827037775 0.03243041749502982 0.04174950298210731
0 0.24546471172962228 0.7743538767395626 0.02572067594433399 0.0377733598409543
3 0.4422837972166998 0.39960238568588463 0.02124751491053672 0.01988071570576544
2 0.29187375745526845 0.39165009940357853 0.03354870775347912 0.04373757455268389
2 0.4881336978131213 0.34095427435387676 0.032430417495029784 0.03777335984095423
2 0.6486083499005965 0.4910536779324055 0.05815109343936392 0.05566600397614309
2 0.8789761431411531 0.6520874751491053 0.06933399602385677 0.09542743538767397
