2 0.12804423459244532 0.6600397614314116 0.08610834990059642 0.0954274353876739
2 0.154324055666004 0.562624254473161 0.060387673956262426 0.08349900596421471
2 0.24602385685884695 0.5506958250497018 0.06486083499005964 0.09940357852882713
2 0.3863692842942346 0.55168986083499 0.05032306163021872 0.07355864811133195
2 0.4551441351888668 0.4324055666003976 0.04473161033797218 0.05765407554671974
2 0.5971669980119284 0.5159045725646123 0.04920477137176946 0.09343936381709739
2 0.6329522862823062 0.45427435387673953 0.04249502982107352 0.05367793240556658
3 0.8471048707753479 0.6898608349900596 0.023484095427435535 0.03578528827037772
3 0.7196197813121273 0.532803180914513 0.019010934393638053 0.031809145129224635
0 0.8465457256461232 0.753479125248509 0.029075546719681853 0.0755467196819086
0 0.7246520874751491 0.5834990059642148 0.020129224652087458 0.05765407554671974
0 0.9337723658051691 0.7783300198807157 0.03131212723658052 0.07753479125248504
3 0.9259443339960239 0.7037773359840955 0.029075546719681995 0.03976143141153088
