2 0.043054174950298216 0.6272365805168986 0.08610834990059643 0.09741550695825048
2 0.19961481113320084 0.621272365805169 0.0816351888667992 0.06560636182902599
2 0.345551689860835 0.8538767395626243 0.09617296222664021 0.15308151093439362
2 0.24714214711729623 0.7226640159045726 0.07157057654075548 0.10934393638170987
2 0.1811630218687873 0.4294234592445328 0.051441351888668 0.047713717693836984
2 0.32039015904572565 0.5815109343936382 0.06597912524850895 0.10536779324055665
2 0.4154448310139165 0.6133200795228629 0.07045228628230625 0.09343936381709746
2 0.4204771371769384 0.514910536779324 0.05144135188866798 0.07554671968190853
2 0.6933399602385686 0.8538767395626242 0.1118290258449305 0.18489065606361835
0 0.6732107355864813 0.6998011928429423 0.03802186878727653 0.05964214711729625
3 0.6687375745526839 0.6451292246520874 0.03354870775347919 0.041749502982107244
2 0.7576416500994037 0.7027833001988071 0.0928180914512923 0.11332007952286276
2 0.673769880715706 0.5059642147117296 0.06374254473161031 0.08548707753479129
2 0.702286282306163 0.5944333996023857 0.07380715705765412 0.0715705765407555
2 0.14873260437375746 0.5208747514910538 0.05815109343936381 0.05566600397614316
3 0.12133449304174951 0.45427435387673953 0.02795725646123259 0.03379721669980121
2 0.25664761431411537 0.3588469184890656 0.04808648111332008 0.045725646123260404
2 0.3539388667992048 0.5029821073558648 0.04361332007952285 0.06759443339960235
2 0.34890656063618297 0.4095427435387674 0.03802186878727632 0.04373757455268389
2 0.40314363817097415 0.39562624254473167 0.039140159045725584 0.05168986083499
2 0.44563866799204777 0.4473161033797217 0.04584990059642152 0.047713717693836984
2 0.7470178926441352 0.3926441351888668 0.06262425447316104 0.06958250497017893
2 0.6592321073558648 0.341948310139165 0.04361332007952299 0.059642147117296214
2 0.5871023856858847 0.3429423459244533 0.03131212723658052 0.025844930417494964
3 0.4668861829025845 0.3836978131212724 0.019010934393638122 0.015904572564612352
