2 0.13251739562624254 0.7912524850894633 0.13531312127236583 0.1351888667992047
2 0.4350149105367794 0.8061630218687873 0.07604373757455271 0.15308151093439362
2 0.7179423459244534 0.8011928429423459 0.10288270377733597 0.17892644135188873
2 0.9035785288270378 0.6848906560636183 0.10511928429423449 0.12127236580516901
2 0.6553180914512922 0.5934393638170974 0.06933399602385677 0.10934393638170974
2 0.7979000994035786 0.5159045725646123 0.05479622266401577 0.06163021868787275
2 0.17109840954274355 0.6143141153081512 0.08275347912524848 0.07952286282306169
2 0.356734592445328 0.6640159045725647 0.09393638170974153 0.12723658051689854
2 0.5104995029821073 0.4115308151093439 0.04137673956262418 0.07157057654075544
2 0.28907803180914515 0.4532803180914513 0.03914015904572565 0.05964214711729625
2 0.40985337972167 0.5079522862823062 0.052559642147117315 0.08946322067594437
2 0.45570328031809154 0.411530815109344 0.03243041749502986 0.05566600397614316
2 0.6452534791252487 0.5009940357852882 0.04920477137176946 0.06361829025844934
2 0.6804796222664017 0.41749502982107356 0.039140159045725514 0.05566600397614316
2 0.6318339960238569 0.4324055666003976 0.04920477137176931 0.06163021868787275
2 0.2605616302186879 0.411530815109344 0.03354870775347912 0.03976143141153081
2 0.47862823061630216 0.6043737574552684 0.06038767395626238 0.11133200795228632
