3 0.21079771371769382 0.6868787276341948 0.036903578528827016 0.04174950298210746
0 0.20856113320079522 0.9642147117296223 0.050323061630218685 0.05964214711729625
0 0.21191600397614316 0.7504970178926442 0.023484095427435393 0.03379721669980114
3 0.21415258449304175 0.8717693836978131 0.027957256461232625 0.0377733598409543
3 0.21135685884691852 0.7982107355864811 0.02236580516898609 0.049701789264413494
2 0.7319209741550696 0.7872763419483101 0.08387176938369793 0.17495029821073557
2 0.9460735586481114 0.7306163021868787 0.0961729622266401 0.15705765407554664
2 0.6815979125248509 0.6491053677932405 0.06597912524850898 0.10536779324055673
2 0.6676192842942347 0.5735586481113321 0.058151093439363775 0.07753479125248518
2 0.8476640159045726 0.7793240556660039 0.09169980119284304 0.14711729622266403
2 0.8046098409542743 0.6610337972166999 0.07268886679920485 0.12127236580516892
2 0.8806535785288271 0.6431411530815109 0.07045228628230632 0.09343936381709753
2 0.7593190854870775 0.5725646123260437 0.0626242544731609 0.10337972166998015
2 0.7257703777335984 0.532803180914513 0.040258449304174916 0.06759443339960242
2 0.6525223658051691 0.5089463220675944 0.059269383697813184 0.07952286282306169
2 0.29075546719681916 0.4095427435387674 0.04696819085487076 0.05566600397614316
2 0.6430168986083499 0.35785288270377735 0.026838966202783324 0.047713717693836984
2 0.4847788270377734 0.3598409542743539 0.02572067594433392 0.03976143141153081
2 0.6307157057654076 0.46123260437375746 0.03578528827037772 0.06759443339960235
2 0.7117917495029821 0.47514910536779326 0.05703280318091444 0.07157057654075544
2 0.7682654075546721 0.47813121272365805 0.046968190854870785 0.06163021868787275
