2 0.19346421471172964 0.8588469184890656 0.10735586481113323 0.15109343936381706
2 0.3539388667992048 0.9204771371769384 0.1062375745526839 0.14711729622266403
2 0.2717445328031809 0.6898608349900596 0.07157057654075541 0.09940357852882713
2 0.3757455268389663 0.7067594433399603 0.08275347912524858 0.10139165009940357
2 0.4204771371769384 0.5765407554671969 0.06038767395626245 0.08349900596421478
2 0.64301689860835 0.6242544731610338 0.0805168986083499 0.09542743538767397
2 0.2667122266401591 0.5427435387673957 0.06150596421471171 0.07157057654075537
2 0.1084741550695825 0.5417495029821073 0.06933399602385686 0.06560636182902592
2 0.26838966202783304 0.4165009940357853 0.04249502982107359 0.05765407554671967
2 0.37183151093439365 0.4671968190854871 0.034666998011928386 0.0755467196819086
2 0.59493041749503 0.5089463220675944 0.06038767395626245 0.07952286282306169
2 0.6732107355864813 0.5268389662027834 0.058151093439363845 0.07554671968190853
2 0.6486083499005965 0.4552683896620279 0.046968190854870716 0.05566600397614316
2 0.625124254473161 0.411530815109344 0.058151093439363706 0.05566600397614316
