2 0.10567842942345926 0.588469184890656 0.06374254473161037 0.11133200795228632
2 0.21806660039761433 0.5417495029821073 0.06038767395626245 0.06163021868787275
2 0.3159169980119284 0.8578528827037774 0.09729125248508944 0.14910536779324046
2 0.7783300198807157 0.7514910536779325 0.10288270377733597 0.1312127236580517
2 0.580392644135189 0.4522862823061631 0.044731610337972114 0.06958250497017893
2 0.15376491053677935 0.94831013916501 0.1107107355864811 0.10337972166998015
2 0.3544980119284294 0.4025844930417495 0.03578528827037779 0.045725646123260404
2 0.6083499005964215 0.38469184890656066 0.03578528827037772 0.03379721669980121
2 0.5580268389662028 0.3717693836978131 0.029075546719681853 0.051689860834990074
2 0.5949304174950298 0.3459244532803181 0.03354870775347905 0.031809145129224635
2 0.4092942345924453 0.3976143141153081 0.03131212723658045 0.047713717693836914
2 0.24490556660039764 0.4353876739562624 0.04473161033797215 0.047713717693836984
2 0.25888419483101394 0.3866799204771372 0.03243041749502986 0.04174950298210731
