3 0.05088220675944335 0.5914512922465209 0.0234840954274354 0.013916500994035772
0 0.047527335984095434 0.6371769383697813 0.036903578528827044 0.03777335984095423
2 0.0547962226640159 0.746520874751491 0.10288270377733598 0.10934393638170974
2 0.16886182902584493 0.7713717693836978 0.09169980119284298 0.14314115308151087
3 0.3723906560636183 0.5795228628230616 0.02236580516898613 0.013916500994035843
0 0.37462723658051694 0.6381709741550696 0.026838966202783324 0.04373757455268397
0 0.33269135188866805 0.6163021868787277 0.023484095427435393 0.027833001988071614
3 0.3321322067594433 0.5646123260437377 0.026838966202783324 0.02783300198807147
3 0.2985834990059642 0.9105367793240557 0.03578528827037772 0.03976143141153088
2 0.7078777335984097 0.7644135188866799 0.09617296222664024 0.15705765407554664
2 0.8398359840954274 0.7504970178926442 0.09840954274353876 0.1530815109343938
2 0.6698558648111334 0.6103379721669979 0.058151093439363845 0.09145129224652088
2 0.9253851888667992 0.9204771371769384 0.12860337972167002 0.15904572564612324
2 0.9253851888667992 0.7226640159045726 0.09058151093439364 0.1292246520874751
2 0.6508449304174951 0.5218687872763419 0.060387673956262516 0.07355864811133202
2 0.7805666003976143 0.6242544731610338 0.08051689860834997 0.11928429423459243
2 0.7308026838966203 0.55168986083499 0.059269383697813115 0.08548707753479136
2 0.8118787276341949 0.5298210735586482 0.05144135188866812 0.07753479125248518
2 0.7218563618290258 0.4990059642147117 0.05703280318091458 0.07952286282306162
