2 0.24714214711729623 0.7544731610337972 0.0827534791252485 0.12524850894632208
2 0.36064860834990065 0.7634194831013917 0.09058151093439366 0.12723658051689868
2 0.08107604373757456 0.5705765407554673 0.077162027833002 0.07554671968190853
2 0.2449055666003976 0.588469184890656 0.0805168986083499 0.09542743538767397
2 0.4249502982107356 0.6153081510934393 0.08722664015904577 0.10139165009940349
2 0.36568091451292245 0.4960238568588469 0.04920477137176938 0.07355864811133202
2 0.2627982107355865 0.4443339960238568 0.05144135188866802 0.06560636182902585
2 0.3013792246520875 0.38170974155069587 0.034666998011928386 0.047713717693836984
2 0.18955019880715707 0.4294234592445328 0.03690357852882706 0.051689860834990074
3 0.14425944333996024 0.4393638170974155 0.02236580516898609 0.01988071570576544
0 0.1448185884691849 0.4701789264413519 0.021247514910536777 0.025844930417495037
2 0.15823807157057657 0.9254473161033797 0.13978628230616305 0.14910536779324063
2 0.6273608349900597 0.5735586481113321 0.06709741550695839 0.1093439363817098
2 0.6117047713717695 0.39363817097415504 0.03354870775347919 0.03976143141153081
3 0.4327783300198807 0.49204771371769385 0.01789264413518886 0.01789264413518879
0 0.43389662027833 0.5278330019880716 0.029075546719681922 0.029821073558648194
2 0.589898111332008 0.4681908548707753 0.045849900596421446 0.06560636182902577
2 0.6430168986083499 0.43737574552683894 0.044731610337972114 0.047713717693836984
2 0.6614686878727635 0.5039761431411531 0.05479622266401599 0.07355864811133202
3 0.577037773359841 0.3856858846918489 0.026838966202783254 0.03976143141153081
2 0.6609095427435387 0.3479125248508946 0.04473161033797218 0.047713717693836984
