3 0.18284045725646123 0.7584493041749504 0.04361332007952285 0.05367793240556665
3 0.3147987077534791 0.441351888667992 0.030193836978131224 0.03976143141153088
3 0.21694831013916502 0.4165009940357853 0.029075546719681922 0.049701789264413494
3 0.21303429423459247 0.30616302186878724 0.032430417495029784 0.023856858846918527
0 0.1889910536779324 0.8658051689860835 0.05815109343936381 0.0815109343936382
0 0.31815357852882703 0.525844930417495 0.032430417495029784 0.06560636182902585
0 0.22198061630218688 0.48111332007952284 0.04361332007952285 0.05566600397614309
2 0.10232355864811135 0.341948310139165 0.06374254473161035 0.09940357852882706
2 0.7693836978131213 0.6888667992047713 0.12972166998011944 0.18489065606361835
2 0.8622017892644135 0.6163021868787277 0.11630218687872755 0.1709741550695825
2 0.9439612326043738 0.5737574522348332 0.11207753479125245 0.20914512315753916
2 0.7766525844930418 0.38469184890656066 0.08834493041749511 0.10139165009940364
2 0.6961356858846918 0.4095427435387674 0.09058151093439377 0.1272365805168986
2 0.5982852882703777 0.40457256461232605 0.0715705765407555 0.09741550695825055
2 0.6061133200795229 0.3081510934393638 0.07828031809145124 0.07952286282306169
2 0.5462847912524852 0.341948310139165 0.07268886679920478 0.11133200795228629
2 0.5021123260437377 0.26938369781312127 0.06262425447316097 0.06163021868787275
2 0.527273856858847 0.2176938369781312 0.04361332007952292 0.0576540755467197
2 0.4489935387673957 0.2107355864811133 0.05032306163021864 0.059642147117296214
2 0.4847788270377734 0.16898608349900596 0.05703280318091444 0.05168986083499005
2 0.42215457256461236 0.16699801192842942 0.04137673956262425 0.03180914512922467
2 0.40985337972167 0.13916500994035785 0.034666998011928456 0.0636182902584493
2 0.026838966202783303 0.35606361525670194 0.053677932405566606 0.1347912585522024
