2 0.10232355864811135 0.5149105367793241 0.1554423459244533 0.16699801192842942
2 0.03187127236580518 0.2524850894632207 0.0503230616302187 0.07952286282306165
2 0.3052932405566601 0.2176938369781312 0.05367793240556658 0.08548707753479125
2 0.507703777335984 0.7504970178926442 0.2572067594433399 0.2604373757455269
2 0.889040755467197 0.5069582504970178 0.08946322067594437 0.1272365805168986
2 0.4059393638170974 0.0944333996023857 0.03354870775347912 0.03379721669980119
2 0.44004721669980124 0.08648111332007953 0.02572067594433392 0.033797216699801194
2 0.5457256461232605 0.3320079522862823 0.0603876739562623 0.08747514910536779
2 0.6681784294234593 0.55168986083499 0.08163518886679924 0.15308151093439362
2 0.6363071570576541 0.3389662027833002 0.058151093439363706 0.08946322067594437
2 0.4976391650099404 0.1312127236580517 0.03131212723658052 0.03976143141153081
2 0.51441351888668 0.23161033797216699 0.04249502982107359 0.06560636182902585
2 0.4920477137176939 0.1739562624254473 0.046968190854870785 0.04970178926441353
2 0.5552311133200796 0.1441351888667992 0.03690357852882698 0.06163021868787275
3 0.7308026838966204 0.441351888667992 0.02124751491053672 0.03578528827037772
3 0.7190606361829026 0.3349900596421471 0.026838966202783185 0.029821073558648124
3 0.7498136182902584 0.3817097415506958 0.02572067594433392 0.03578528827037772
3 0.8241799204771371 0.45427435387673953 0.03578528827037772 0.03379721669980121
0 0.7431038767395626 0.503976143141153 0.04361332007952299 0.06958250497017893
0 0.8174701789264414 0.558648111332008 0.04920477137176931 0.051689860834990074
0 0.7179423459244532 0.3827037773359841 0.029075546719681853 0.04572564612326047
