2 0.15991550695825052 0.6153081510934394 0.07157057654075547 0.09741550695825055
2 0.15823807157057657 0.9145129224652087 0.06597912524850895 0.143141153081511
2 0.2661530815109344 0.5188866799204771 0.05144135188866798 0.07952286282306162
2 0.6167370775347912 0.5745526838966203 0.07939860834990058 0.12326043737574559
2 0.6391028827037774 0.4801192842942346 0.061505964214711856 0.06958250497017893
3 0.7486953280318092 0.5805168986083499 0.02795725646123259 0.031809145129224635
3 0.9041376739562625 0.7793240556660039 0.03914015904572565 0.04771371769383705
3 0.9762673956262427 0.7693836978131213 0.03131212723658038 0.04373757455268389
0 0.9074925447316105 0.86779324055666 0.03690357852882713 0.08946322067594437
0 0.9853379721669981 0.8499005964214712 0.029324055666003945 0.0815109343936382
0 0.7542867793240557 0.6322067594433399 0.019010934393638053 0.05566600397614323
