2 0.2650347912524851 0.49204771371769385 0.049204771371769415 0.06163021868787275
2 0.27174453280318095 0.5705765407554673 0.07380715705765412 0.06361829025844934
2 0.3645626242544732 0.595427435387674 0.07380715705765403 0.0815109343936382
2 0.47415506958250503 0.3856858846918489 0.03354870775347912 0.047713717693836984
2 0.6776838966202783 0.6222664015904572 0.08722664015904563 0.13916500994035785
2 0.6855119284294235 0.43339960238568587 0.04249502982107359 0.07157057654075544
2 0.7872763419483101 0.5049701789264414 0.060387673956262516 0.08747514910536779
3 0.8482231610337974 0.73558648111332 0.02124751491053672 0.03976143141153074
3 0.8264165009940357 0.7584493041749504 0.024602385685884656 0.03379721669980114
0 0.8297713717693838 0.8389662027833001 0.02236580516898613 0.06759443339960257
0 0.8622017892644135 0.8121272365805169 0.03578528827037772 0.07355864811133188
0 0.7688245526838966 0.7196819085487078 0.023484095427435535 0.05566600397614323
3 0.7621148111332008 0.6679920477137177 0.032430417495029784 0.03180914512922456
