2 0.38916500994035785 0.6779324055666004 0.0805168986083499 0.11530815109343927
2 0.4070576540755468 0.5497017892644135 0.06933399602385684 0.07753479125248504
2 0.4529075546719682 0.40159045725646125 0.04249502982107352 0.05566600397614309
2 0.7000497017892644 0.7286282306163022 0.10735586481113316 0.17693836978131217
2 0.8672340954274356 0.6312127236580517 0.07939860834990058 0.12127236580516901
2 0.7257703777335984 0.5308151093439364 0.06709741550695825 0.09940357852882706
3 0.7855989065606361 0.7524850894632206 0.02795725646123259 0.033797216699801284
3 0.8286530815109344 0.7664015904572565 0.02236580516898613 0.04174950298210731
3 0.8683523856858847 0.7504970178926442 0.03466699801192832 0.04572564612326047
0 0.8750621272365805 0.8280318091451292 0.02795725646123259 0.07355864811133202
0 0.832567097415507 0.8439363817097416 0.02572067594433392 0.0815109343936382
0 0.7917495029821074 0.8260437375745527 0.026838966202783324 0.08151093439363805
