3 0.216948310139165 0.7634194831013917 0.03578528827037775 0.047713717693836914
0 0.22030318091451292 0.8866799204771371 0.06709741550695827 0.10337972166998
2 0.3572937375745527 0.6809145129224652 0.23148608349900598 0.1809145129224652
2 0.1761307157057654 0.5129224652087475 0.13083996023856861 0.13518886679920478
2 0.06374254473161034 0.6065606331493462 0.12748508946322068 0.15467197425796775
2 0.6743290258449305 0.5457256461232604 0.09840954274353869 0.1371769383697813
2 0.7990183896620279 0.5556660039761431 0.10400099403578537 0.14115308151093436
2 0.49540258449304175 0.27335984095427435 0.05144135188866798 0.08946322067594434
2 0.5328653081510936 0.22962226640159045 0.05032306163021872 0.06163021868787275
2 0.630156560636183 0.2524850894632207 0.0704522862823061 0.07157057654075548
2 0.4551441351888668 0.19880715705765406 0.04920477137176938 0.05566600397614316
2 0.4691227634194831 0.1540755467196819 0.041376739562624325 0.05367793240556661
2 0.41768141153081517 0.16302186878727631 0.041376739562624325 0.05566600397614312
2 0.42998260437375746 0.11133200795228629 0.041376739562624325 0.047713717693836984
2 0.716824055666004 0.4443339960238568 0.09169980119284289 0.11332007952286276
2 0.8018141153081512 0.415506958250497 0.11182902584493036 0.15506958250497022
2 0.6637052683896622 0.3658051689860835 0.08610834990059643 0.1113320079522862
3 0.9203528827037774 0.5526838966202783 0.029075546719681995 0.03976143141153081
3 0.9091699801192843 0.5934393638170974 0.04920477137176946 0.05765407554671967
3 0.89183648111332 0.6441351888667992 0.034666998011928456 0.04771371769383684
3 0.9762673956262427 0.6411530815109344 0.022365805168985987 0.045725646123260404
0 0.8963096421471173 0.7326043737574552 0.04137673956262418 0.11729622266401606
0 0.9807405566600397 0.7326043737574552 0.03578528827037772 0.10934393638170974
