2 0.3125621272365805 0.852882703777336 0.0861083499005964 0.13916500994035785
2 0.7056411530815109 0.6431411530815109 0.09169980119284289 0.1610337972166999
2 0.28460487077534796 0.6292246520874751 0.06821570576540757 0.12524850894632195
2 0.4311008946322068 0.5636182902584493 0.07492544731610337 0.09741550695825055
2 0.5921346918489065 0.49801192842942343 0.05703280318091451 0.10139165009940364
2 0.4540258449304176 0.411530815109344 0.04249502982107352 0.047713717693836984
3 0.6860710735586482 0.441351888667992 0.019010934393638195 0.027833001988071544
3 0.7324801192842944 0.5019880715705765 0.017892644135188932 0.03379721669980114
0 0.6866302186878727 0.47713717693836977 0.020129224652087458 0.027833001988071544
0 0.7341575546719682 0.5427435387673957 0.021247514910536863 0.03578528827037772
2 0.2846048707753479 0.4940357852882704 0.05479622266401592 0.07753479125248511
2 0.21359343936381714 0.7773359840954274 0.08946322067594434 0.13518886679920483
2 0.3919607355864811 0.6998011928429423 0.09729125248508944 0.12723658051689854
