3 0.7772117296222665 0.7147117296222664 0.029075546719681995 0.04572564612326047
0 0.7783300198807157 0.7833001988071571 0.029075546719681995 0.07157057654075544
0 0.8348036779324056 0.8548707753479124 0.034666998011928456 0.07952286282306162
3 0.8275347912524851 0.7673956262425448 0.026838966202783324 0.05566600397614309
2 0.3572937375745527 0.698807157057654 0.09058151093439364 0.11332007952286276
2 0.40090705765407564 0.49502982107355864 0.045849900596421446 0.07554671968190853
2 0.6966948310139165 0.474155069582505 0.05367793240556651 0.06163021868787283
2 0.8157927435387674 0.5636182902584492 0.06597912524850912 0.10139165009940357
2 0.6916625248508947 0.6819085487077535 0.09729125248508935 0.1391650099403578
2 0.4914885685884692 0.8608349900596421 0.17780815109343934 0.14711729622266403
