2 0.10288270377733598 0.5467196819085487 0.05591451292246521 0.06759443339960242
2 0.17668986083499008 0.5874751491053678 0.07828031809145129 0.09741550695825055
2 0.2723036779324056 0.44831013916500995 0.054796222664015876 0.05765407554671967
2 0.28740059642147114 0.6640159045725647 0.05815109343936381 0.10337972166998007
2 0.3930790258449305 0.6252485089463221 0.07268886679920478 0.0894632206759443
3 0.3354870775347913 0.6779324055666004 0.024602385685884656 0.03578528827037772
2 0.3544980119284294 0.9174950298210736 0.11630218687872762 0.16500994035785282
2 0.6323931411530815 0.6431411530815109 0.07939860834990058 0.12127236580516908
2 0.17668986083499008 0.4701789264413519 0.0492047713717694 0.07753479125248504
2 0.5759194831013917 0.4333996023856859 0.03578528827037765 0.047713717693836984
2 0.6262425447316105 0.43339960238568587 0.040258449304174986 0.07157057654075544
2 0.5714463220675945 0.3866799204771372 0.029075546719681922 0.04572564612326047
2 0.6100273359840955 0.3757455268389662 0.02572067594433392 0.031809145129224704
0 0.3354870775347913 0.7445328031809144 0.03802186878727639 0.05367793240556665
2 0.25105616302186884 0.3727634194831013 0.03914015904572562 0.03379721669980121
