2 0.13531312127236583 0.8111332007952287 0.11182902584493043 0.1192842942345925
2 0.39978876739562624 0.8538767395626243 0.0995278330019881 0.14910536779324063
2 0.32486332007952284 0.6888667992047713 0.08834493041749504 0.09343936381709739
3 0.12021620278330021 0.6918489065606361 0.03243041749502982 0.04771371769383705
3 0.4557032803180915 0.47912524850894633 0.016774353876739524 0.03578528827037772
2 0.13643141153081512 0.532803180914513 0.06038767395626245 0.07952286282306162
2 0.24322813121272369 0.5069582504970179 0.05703280318091451 0.08349900596421471
2 0.7352758449304175 0.9025844930417495 0.10847415506958243 0.1948310139165011
2 0.6815979125248509 0.6759443339960238 0.08387176938369777 0.13916500994035794
2 0.8649975149105367 0.8131212723658052 0.11518389662027843 0.16699801192842942
3 0.7844806163021869 0.68389662027833 0.021247514910536863 0.027833001988071687
0 0.7805666003976144 0.7415506958250497 0.029075546719681995 0.07554671968190846
2 0.869470675944334 0.6232604373757455 0.09058151093439377 0.12127236580516901
2 0.655877236580517 0.5228628230616302 0.04361332007952292 0.06759443339960242
2 0.7257703777335984 0.517892644135189 0.058151093439363845 0.08548707753479129
2 0.38469184890656066 0.48011928429423456 0.06038767395626238 0.06560636182902585
2 0.6363071570576541 0.327037773359841 0.022365805168986057 0.041749502982107355
2 0.7783300198807157 0.6371769383697813 0.07380715705765412 0.07355864811133188
2 0.8012549701789266 0.5238568588469186 0.05703280318091444 0.06958250497017893
2 0.3768638170974155 0.6163021868787277 0.06709741550695825 0.08747514910536786
3 0.22142147117296226 0.426441351888668 0.013419483101391662 0.01789264413518886
3 0.46297216699801197 0.39463220675944327 0.011182902584493065 0.01789264413518886
0 0.4529075546719682 0.5119284294234592 0.013419483101391662 0.02982107355864805
0 0.45961729622266406 0.41749502982107356 0.01789264413518886 0.01988071570576544
2 0.6357480119284294 0.4622266401590457 0.041376739562624325 0.06163021868787275
