2 0.16774353876739564 0.668986083499006 0.08722664015904572 0.11332007952286283
2 0.369594930417495 0.6650099403578529 0.06374254473161031 0.10934393638170967
2 0.2901963220675945 0.6093439363817097 0.07268886679920473 0.11729622266401578
2 0.6625869781312127 0.7554671968190854 0.10400099403578529 0.20278330019880697
2 0.44507952286282304 0.4831013916500994 0.06038767395626245 0.06759443339960242
2 0.41600397614314116 0.5755467196819085 0.06933399602385691 0.09741550695825055
2 0.332691351888668 0.5377733598409543 0.06597912524850895 0.10139165009940349
2 0.04193588469184891 0.8660039731095847 0.08387176938369782 0.13280318698162577
2 0.045290755467196825 0.7228628200280737 0.09058151093439365 0.12087475755816662
2 0.33548707753479123 0.4214711729622266 0.04473161033797218 0.047713717693836984
2 0.6117047713717695 0.41053677932405563 0.040258449304174986 0.05765407554671974
2 0.5680914512922466 0.4085487077534791 0.04249502982107359 0.05765407554671967
2 0.37965954274353875 0.44831013916500995 0.041376739562624325 0.05367793240556665
0 0.8174701789264414 0.6729622266401591 0.01565606361829026 0.05765407554671967
3 0.8141153081510936 0.6153081510934393 0.017892644135188932 0.025844930417495037
3 0.7447813121272366 0.5268389662027834 0.01565606361829026 0.027833001988071614
0 0.7453404572564614 0.5725646123260437 0.016774353876739524 0.05566600397614323
